       -3.3333333333333428
        0.1666666666666670
        0.1666666666666670
        0.1666666666666670
        0.1666666666666670
        0.1666666666666670
        0.1666666666666670
        0.1666666666666670
        0.1666666666666670
        0.1666666666666670
        0.1666666666666670
        0.1666666666666670
        0.1666666666666670
        0.1666666666666670
        0.1666666666666670
        0.1666666666666670
        0.1666666666666670
        0.1666666666666670
        0.1666666666666670
        0.1666666666666670
        0.1666666666666670
        0.1666666666666670
        0.1666666666666670
        0.1666666666666670
        0.1666666666666670
        0.1666666666666670
        0.1666666666666670
