       -0.3081401387283739
       -0.0434360410830999
       -0.0434360410830999
       -0.0434360410830999
       -0.0434360410830999
       -0.0481937234878412
       -0.0481937234878412
       -0.0073544973544974
       -0.0073544973544974
       -0.0073544973544974
       -0.0073544973544974
       -0.0481937234878411
       -0.0481937234878412
        0.0133713909022396
        0.0304505823314984
        0.0304505823314984
        0.0133713909022396
       -0.0122751322751323
       -0.0122751322751323
       -0.0122751322751323
       -0.0122751322751323
       -0.0122751322751323
       -0.0122751322751323
       -0.0122751322751323
       -0.0122751322751323
        0.0133713909022396
        0.0304505823314984
        0.0304505823314984
        0.0133713909022396
        0.0186843514186028
        0.0544527762909455
        0.0815863321408517
        0.0962569323064628
        0.0962569323064628
        0.0815863321408517
        0.0544527762909455
        0.0186843514186029
        0.0121848874346682
        0.0301431548933741
        0.0301431548933742
        0.0121848874346682
        0.0121848874346682
        0.0301431548933741
        0.0301431548933742
        0.0121848874346682
        0.0711111111111111
        0.0711111111111111
        0.0711111111111111
        0.0711111111111111
        0.0121848874346682
        0.0121848874346682
        0.0301431548933741
        0.0301431548933741
        0.0301431548933742
        0.0301431548933742
        0.0121848874346682
        0.0121848874346682
        0.0186843514186028
        0.0544527762909455
        0.0815863321408517
        0.0962569323064628
        0.0962569323064628
        0.0815863321408517
        0.0544527762909455
        0.0186843514186029
