       -0.3174603174603175
       -0.0476190476190476
       -0.0476190476190476
       -0.0476190476190476
       -0.0476190476190476
        0.0507936507936508
        0.0507936507936508
       -0.0166666666666667
       -0.0166666666666667
       -0.0166666666666667
       -0.0166666666666667
        0.0507936507936508
        0.0507936507936508
        0.0731093246080091
        0.1808589293602449
        0.1808589293602449
        0.0731093246080091
        0.0444444444444445
        0.0444444444444445
        0.0444444444444445
        0.0444444444444445
        0.0444444444444445
        0.0444444444444445
        0.0444444444444445
        0.0444444444444445
        0.0731093246080091
        0.1808589293602449
        0.1808589293602449
        0.0731093246080091
