        0.0066666666666667
        0.0066666666666667
        0.0066666666666667
        0.0066666666666667
        0.0066666666666667
        0.0533333333333333
        0.0533333333333333
        0.0533333333333333
        0.0533333333333333
        0.0533333333333333
        0.0800000000000000
        0.0800000000000000
        0.0800000000000000
        0.0800000000000000
        0.0800000000000000
        0.0533333333333334
        0.0533333333333334
        0.0533333333333334
        0.0533333333333334
        0.0533333333333334
        0.0066666666666667
        0.0066666666666667
        0.0066666666666667
        0.0066666666666667
        0.0066666666666667
