1.000000000000000e-03	8.838303768385846e+02
2.000000000000000e-03	8.838975102263940e+02
3.000000000000000e-03	8.839409436347852e+02
4.000000000000000e-03	8.839775210441745e+02
5.000000000000000e-03	8.840113317687660e+02
6.000000000000000e-03	8.840438652935014e+02
7.000000000000000e-03	8.840757769304610e+02
8.000000000000000e-03	8.841073890097822e+02
9.000000000000001e-03	8.841388737509150e+02
1.000000000000000e-02	8.841703239403060e+02
1.100000000000000e-02	8.842017916570475e+02
1.200000000000000e-02	8.842333068568906e+02
1.300000000000000e-02	8.842648865484675e+02
1.400000000000000e-02	8.842965409545044e+02
1.500000000000000e-02	8.843282756869459e+02
1.600000000000000e-02	8.843600952438208e+02
1.700000000000000e-02	8.843920017887515e+02
1.800000000000000e-02	8.844239964908932e+02
1.900000000000000e-02	8.844560800502702e+02
2.000000000000000e-02	8.844882565743594e+02
2.100000000000000e-02	8.845205227451411e+02
2.200000000000000e-02	8.845528772605318e+02
2.300000000000000e-02	8.845853204513494e+02
2.400000000000000e-02	8.846178526272546e+02
2.500000000000000e-02	8.846504740856873e+02
2.600000000000000e-02	8.846831851172710e+02
2.700000000000000e-02	8.847159860090832e+02
2.800000000000000e-02	8.847488770466326e+02
2.900000000000000e-02	8.847818585150576e+02
3.000000000000000e-02	8.848149306998496e+02
3.100000000000000e-02	8.848480938872913e+02
3.200000000000000e-02	8.848813483647219e+02
3.300000000000000e-02	8.849146944206965e+02
3.400000000000000e-02	8.849481323450826e+02
3.500000000000000e-02	8.849816624291191e+02
3.600000000000000e-02	8.850152849654515e+02
3.700000000000000e-02	8.850490002481546e+02
3.800000000000000e-02	8.850828085727453e+02
3.900000000000000e-02	8.851167102361932e+02
4.000000000000000e-02	8.851507055369265e+02
4.100000000000000e-02	8.851847947748378e+02
4.200000000000000e-02	8.852189782512886e+02
4.300000000000000e-02	8.852532562691140e+02
4.400000000000000e-02	8.852876291326268e+02
4.500000000000000e-02	8.853220971476230e+02
4.600000000000000e-02	8.853566606213855e+02
4.700000000000000e-02	8.853913198626901e+02
4.800000000000000e-02	8.854260751818113e+02
4.900000000000000e-02	8.854609268905270e+02
5.000000000000000e-02	8.854958753021257e+02
5.100000000000000e-02	8.855309207314120e+02
5.200000000000000e-02	8.855660634947142e+02
5.300000000000000e-02	8.856013039098895e+02
5.400000000000000e-02	8.856366422963328e+02
5.500000000000000e-02	8.856720789749833e+02
5.600000000000000e-02	8.857076142683316e+02
5.700000000000000e-02	8.857432485004286e+02
5.800000000000000e-02	8.857789819968925e+02
5.900000000000000e-02	8.858148150849173e+02
6.000000000000000e-02	8.858507480932813e+02
6.100000000000000e-02	8.858867813523551e+02
6.200000000000000e-02	8.859229151941107e+02
6.300000000000000e-02	8.859591499521307e+02
6.400000000000000e-02	8.859954859616165e+02
6.500000000000000e-02	8.860319235593983e+02
6.600000000000000e-02	8.860684630839438e+02
6.700000000000000e-02	8.861051048753682e+02
6.800000000000000e-02	8.861418492754432e+02
6.900000000000001e-02	8.861786966276072e+02
7.000000000000001e-02	8.862156472769752e+02
7.100000000000001e-02	8.862527015703483e+02
7.200000000000001e-02	8.862898598562234e+02
7.300000000000000e-02	8.863271221344564e+02
7.400000000000000e-02	8.863644887457299e+02
7.500000000000000e-02	8.864019600427820e+02
7.600000000000000e-02	8.864395363800542e+02
7.700000000000000e-02	8.864772181137025e+02
7.800000000000000e-02	8.865150056016089e+02
7.900000000000000e-02	8.865528992033917e+02
8.000000000000000e-02	8.865908992804182e+02
8.100000000000000e-02	8.866290061958157e+02
8.200000000000000e-02	8.866672203144841e+02
8.300000000000000e-02	8.867055420031070e+02
8.400000000000001e-02	8.867439716306255e+02
8.500000000000001e-02	8.867825095668921e+02
8.600000000000001e-02	8.868211561839991e+02
8.700000000000001e-02	8.868599118558870e+02
8.799999999999999e-02	8.868987769583441e+02
8.900000000000000e-02	8.869377518690172e+02
9.000000000000000e-02	8.869768369674251e+02
9.100000000000000e-02	8.870160326349711e+02
9.200000000000000e-02	8.870553392549560e+02
9.300000000000000e-02	8.870947572125912e+02
9.400000000000000e-02	8.871342868950120e+02
9.500000000000000e-02	8.871739286912912e+02
9.600000000000000e-02	8.872136829924519e+02
9.700000000000000e-02	8.872535501914818e+02
9.800000000000000e-02	8.872935306833471e+02
9.900000000000000e-02	8.873336248650052e+02
1.000000000000000e-01	8.873738331354198e+02
1.010000000000000e-01	8.874141558955746e+02
1.020000000000000e-01	8.874545935484875e+02
1.030000000000000e-01	8.874951464992253e+02
1.040000000000000e-01	8.875358151549174e+02
1.050000000000000e-01	8.875765999247712e+02
1.060000000000000e-01	8.876175012200868e+02
1.070000000000000e-01	8.876585194542711e+02
1.080000000000000e-01	8.876996550428538e+02
1.090000000000000e-01	8.877409084035017e+02
1.100000000000000e-01	8.877822799560348e+02
1.110000000000000e-01	8.878237701224408e+02
1.120000000000000e-01	8.878653793268913e+02
1.130000000000000e-01	8.879071079957575e+02
1.140000000000000e-01	8.879489565576257e+02
1.150000000000000e-01	8.879909254433135e+02
1.160000000000000e-01	8.880330150858858e+02
1.170000000000000e-01	8.880752259206714e+02
1.180000000000000e-01	8.881175583852790e+02
1.190000000000000e-01	8.881600129196138e+02
1.200000000000000e-01	8.882025899658946e+02
1.210000000000000e-01	8.882452899686705e+02
1.220000000000000e-01	8.882881133748376e+02
1.230000000000000e-01	8.883310606336568e+02
1.240000000000000e-01	8.883741321967706e+02
1.250000000000000e-01	8.884173285182212e+02
1.260000000000000e-01	8.884606500544675e+02
1.270000000000000e-01	8.885040972644032e+02
1.280000000000000e-01	8.885476706093751e+02
1.290000000000000e-01	8.885913705532010e+02
1.300000000000000e-01	8.886351975621880e+02
1.310000000000000e-01	8.886791521051506e+02
1.320000000000000e-01	8.887232346534308e+02
1.330000000000000e-01	8.887674456809157e+02
1.340000000000000e-01	8.888117856640563e+02
1.350000000000000e-01	8.888562550818880e+02
1.360000000000000e-01	8.889008544160490e+02
1.370000000000000e-01	8.889455841508002e+02
1.380000000000000e-01	8.889904447730446e+02
1.390000000000000e-01	8.890354367723480e+02
1.400000000000000e-01	8.890805606409587e+02
1.410000000000000e-01	8.891258168738275e+02
1.420000000000000e-01	8.891712059686290e+02
1.430000000000000e-01	8.892167284257818e+02
1.440000000000000e-01	8.892623847484696e+02
1.450000000000000e-01	8.893081754426620e+02
1.460000000000000e-01	8.893541010171364e+02
1.470000000000000e-01	8.894001619834992e+02
1.480000000000000e-01	8.894463588562073e+02
1.490000000000000e-01	8.894926921525907e+02
1.500000000000000e-01	8.895391623928741e+02
1.510000000000000e-01	8.895857701001996e+02
1.520000000000000e-01	8.896325158006491e+02
1.530000000000000e-01	8.896794000232672e+02
1.540000000000000e-01	8.897264233000842e+02
1.550000000000000e-01	8.897735861661394e+02
1.560000000000000e-01	8.898208891595046e+02
1.570000000000000e-01	8.898683328213083e+02
1.580000000000000e-01	8.899159176957585e+02
1.590000000000000e-01	8.899636443301680e+02
1.600000000000000e-01	8.900115132749785e+02
1.610000000000000e-01	8.900595250837848e+02
1.620000000000000e-01	8.901076803133606e+02
1.630000000000000e-01	8.901559795236827e+02
1.640000000000000e-01	8.902044232779575e+02
1.650000000000000e-01	8.902530121426456e+02
1.660000000000000e-01	8.903017466874885e+02
1.670000000000000e-01	8.903506274855346e+02
1.680000000000000e-01	8.903996551131653e+02
1.690000000000000e-01	8.904488301501221e+02
1.700000000000000e-01	8.904981528713162e+02
1.710000000000000e-01	8.905476237956590e+02
1.720000000000000e-01	8.905972432742254e+02
1.730000000000000e-01	8.906470117541224e+02
1.740000000000000e-01	8.906969298092134e+02
1.750000000000000e-01	8.907469980936950e+02
1.760000000000000e-01	8.907972172733104e+02
1.770000000000000e-01	8.908475880000204e+02
1.780000000000000e-01	8.908981109132193e+02
1.790000000000000e-01	8.909487866461714e+02
1.800000000000000e-01	8.909996158302572e+02
1.810000000000000e-01	8.910505990972302e+02
1.820000000000000e-01	8.911017370804166e+02
1.830000000000000e-01	8.911530304153691e+02
1.840000000000000e-01	8.912044797402770e+02
1.850000000000000e-01	8.912560856962709e+02
1.860000000000000e-01	8.913078489277254e+02
1.870000000000000e-01	8.913597700823291e+02
1.880000000000000e-01	8.914118498111200e+02
1.890000000000000e-01	8.914640887688071e+02
1.900000000000000e-01	8.915164876136536e+02
1.910000000000000e-01	8.915690470077765e+02
1.920000000000000e-01	8.916217676170168e+02
1.930000000000000e-01	8.916746501111151e+02
1.940000000000000e-01	8.917276951636769e+02
1.950000000000000e-01	8.917809034523522e+02
1.960000000000000e-01	8.918342756588168e+02
1.970000000000000e-01	8.918878124688500e+02
1.980000000000000e-01	8.919415145722941e+02
1.990000000000000e-01	8.919953826632874e+02
2.000000000000000e-01	8.920494174400683e+02
2.010000000000000e-01	8.921036196052345e+02
2.020000000000000e-01	8.921579898656522e+02
2.030000000000000e-01	8.922125289325752e+02
2.040000000000000e-01	8.922672375216517e+02
2.050000000000000e-01	8.923221163529437e+02
2.060000000000000e-01	8.923771661510604e+02
2.070000000000000e-01	8.924323876450711e+02
2.080000000000000e-01	8.924877815687312e+02
2.090000000000000e-01	8.925433486602843e+02
2.100000000000000e-01	8.925990896627574e+02
2.110000000000000e-01	8.926550053237744e+02
2.120000000000000e-01	8.927110963958000e+02
2.130000000000000e-01	8.927673636360105e+02
2.140000000000000e-01	8.928238078065060e+02
2.150000000000000e-01	8.928804296742107e+02
2.160000000000000e-01	8.929372300109708e+02
2.170000000000000e-01	8.929942095936593e+02
2.180000000000000e-01	8.930513692041314e+02
2.190000000000000e-01	8.931087096293029e+02
2.200000000000000e-01	8.931662316611711e+02
2.210000000000000e-01	8.932239360970071e+02
2.220000000000000e-01	8.932818237391500e+02
2.230000000000000e-01	8.933398953952427e+02
2.240000000000000e-01	8.933981518782465e+02
2.250000000000000e-01	8.934565940064800e+02
2.260000000000000e-01	8.935152226036220e+02
2.270000000000000e-01	8.935740384988250e+02
2.280000000000000e-01	8.936330425267504e+02
2.290000000000000e-01	8.936922355275599e+02
2.300000000000000e-01	8.937516183470842e+02
2.310000000000000e-01	8.938111918367714e+02
2.320000000000000e-01	8.938709568537673e+02
2.330000000000000e-01	8.939309142609981e+02
2.340000000000000e-01	8.939910649271671e+02
2.350000000000000e-01	8.940514097269001e+02
2.360000000000000e-01	8.941119495406697e+02
2.370000000000000e-01	8.941726852549926e+02
2.380000000000000e-01	8.942336177623876e+02
2.390000000000000e-01	8.942947479614558e+02
2.400000000000000e-01	8.943560767569462e+02
2.410000000000000e-01	8.944176050598271e+02
2.420000000000000e-01	8.944793337873313e+02
2.430000000000000e-01	8.945412638629799e+02
2.440000000000000e-01	8.946033962167153e+02
2.450000000000000e-01	8.946657317848977e+02
2.460000000000000e-01	8.947282715103952e+02
2.470000000000000e-01	8.947910163426578e+02
2.480000000000000e-01	8.948539672377539e+02
2.490000000000000e-01	8.949171251584136e+02
2.500000000000000e-01	8.949804910741789e+02
2.510000000000000e-01	8.950440659613639e+02
2.520000000000000e-01	8.951078508031992e+02
2.530000000000000e-01	8.951718465898792e+02
2.540000000000000e-01	8.952360543185875e+02
2.550000000000000e-01	8.953004749936015e+02
2.560000000000000e-01	8.953651096263715e+02
2.570000000000000e-01	8.954299592356089e+02
2.580000000000000e-01	8.954950248472450e+02
2.590000000000000e-01	8.955603074946301e+02
2.600000000000000e-01	8.956258082185553e+02
2.610000000000000e-01	8.956915280673331e+02
2.620000000000000e-01	8.957574680968618e+02
2.630000000000000e-01	8.958236293707165e+02
2.640000000000000e-01	8.958900129601718e+02
2.650000000000000e-01	8.959566199443575e+02
2.660000000000000e-01	8.960234514102980e+02
2.670000000000000e-01	8.960905084530024e+02
2.680000000000000e-01	8.961577921755021e+02
2.690000000000000e-01	8.962253036890185e+02
2.700000000000000e-01	8.962930441129440e+02
2.710000000000000e-01	8.963610145749871e+02
2.720000000000000e-01	8.964292162112471e+02
2.730000000000000e-01	8.964976501663170e+02
2.740000000000000e-01	8.965663175932892e+02
2.750000000000000e-01	8.966352196539533e+02
2.760000000000000e-01	8.967043575188201e+02
2.770000000000000e-01	8.967737323671979e+02
2.780000000000000e-01	8.968433453873575e+02
2.790000000000000e-01	8.969131977765314e+02
2.800000000000000e-01	8.969832907410446e+02
2.810000000000000e-01	8.970536254964745e+02
2.820000000000000e-01	8.971242032676264e+02
2.830000000000000e-01	8.971950252886978e+02
2.840000000000000e-01	8.972660928034056e+02
2.850000000000000e-01	8.973374070650270e+02
2.860000000000000e-01	8.974089693364842e+02
2.870000000000000e-01	8.974807808905473e+02
2.880000000000000e-01	8.975528430098523e+02
2.890000000000000e-01	8.976251569870235e+02
2.900000000000000e-01	8.976977241247532e+02
2.910000000000000e-01	8.977705457359740e+02
2.920000000000000e-01	8.978436231439525e+02
2.930000000000000e-01	8.979169576823194e+02
2.940000000000000e-01	8.979905506952920e+02
2.950000000000000e-01	8.980644035377212e+02
2.960000000000000e-01	8.981385175752009e+02
2.970000000000000e-01	8.982128941842431e+02
2.980000000000000e-01	8.982875347523164e+02
2.990000000000000e-01	8.983624406780419e+02
3.000000000000000e-01	8.984376133712663e+02
3.010000000000000e-01	8.985130542532046e+02
3.020000000000000e-01	8.985887647565543e+02
3.030000000000000e-01	8.986647463255973e+02
3.040000000000000e-01	8.987410004163995e+02
3.050000000000000e-01	8.988175284968753e+02
3.060000000000000e-01	8.988943320469353e+02
3.070000000000000e-01	8.989714125586244e+02
3.080000000000000e-01	8.990487715362673e+02
3.090000000000000e-01	8.991264104965813e+02
3.100000000000000e-01	8.992043309688393e+02
3.110000000000000e-01	8.992825344949925e+02
3.120000000000000e-01	8.993610226298219e+02
3.130000000000000e-01	8.994397969410855e+02
3.140000000000000e-01	8.995188590096595e+02
3.150000000000000e-01	8.995982104296792e+02
3.160000000000000e-01	8.996778528087075e+02
3.170000000000000e-01	8.997577877678875e+02
3.180000000000000e-01	8.998380169420903e+02
3.190000000000000e-01	8.999185419800651e+02
3.200000000000000e-01	8.999993645446011e+02
3.210000000000000e-01	9.000804863127059e+02
3.220000000000000e-01	9.001619089757623e+02
3.230000000000000e-01	9.002436342396858e+02
3.240000000000000e-01	9.003256638251006e+02
3.250000000000000e-01	9.004079994675220e+02
3.260000000000000e-01	9.004906429175045e+02
3.270000000000000e-01	9.005735959408463e+02
3.280000000000000e-01	9.006568603187503e+02
3.290000000000000e-01	9.007404378480172e+02
3.300000000000000e-01	9.008243303412240e+02
3.310000000000000e-01	9.009085396269273e+02
3.320000000000000e-01	9.009930675498136e+02
3.330000000000000e-01	9.010779159709460e+02
3.340000000000000e-01	9.011630867679111e+02
3.350000000000000e-01	9.012485818350626e+02
3.360000000000000e-01	9.013344030836846e+02
3.370000000000000e-01	9.014205524422176e+02
3.380000000000000e-01	9.015070318564698e+02
3.390000000000000e-01	9.015938432898079e+02
3.400000000000000e-01	9.016809887233953e+02
3.410000000000000e-01	9.017684701563990e+02
3.420000000000000e-01	9.018562896062064e+02
3.430000000000000e-01	9.019444491086670e+02
3.440000000000000e-01	9.020329507182990e+02
3.450000000000000e-01	9.021217965085334e+02
3.460000000000000e-01	9.022109885719489e+02
3.470000000000000e-01	9.023005290204967e+02
3.480000000000000e-01	9.023904199857651e+02
3.490000000000000e-01	9.024806636192340e+02
3.500000000000000e-01	9.025712620924816e+02
3.510000000000000e-01	9.026622175974693e+02
3.520000000000000e-01	9.027535323467980e+02
3.530000000000000e-01	9.028452085739833e+02
3.540000000000000e-01	9.029372485336806e+02
3.550000000000000e-01	9.030296545019949e+02
3.560000000000000e-01	9.031224287767484e+02
3.570000000000000e-01	9.032155736777559e+02
3.580000000000000e-01	9.033090915471005e+02
3.590000000000000e-01	9.034029847494313e+02
3.600000000000000e-01	9.034972556722601e+02
3.610000000000000e-01	9.035919067262469e+02
3.620000000000000e-01	9.036869403455299e+02
3.630000000000000e-01	9.037823589879952e+02
3.640000000000000e-01	9.038781651356251e+02
3.650000000000000e-01	9.039743612947893e+02
3.660000000000000e-01	9.040709499965958e+02
3.670000000000000e-01	9.041679337971954e+02
3.680000000000000e-01	9.042653152781226e+02
3.690000000000000e-01	9.043630970466530e+02
3.700000000000000e-01	9.044612817361242e+02
3.710000000000000e-01	9.045598720062991e+02
3.720000000000000e-01	9.046588705437316e+02
3.730000000000000e-01	9.047582800621112e+02
3.740000000000000e-01	9.048581033026427e+02
3.750000000000000e-01	9.049583430344305e+02
3.760000000000000e-01	9.050590020548574e+02
3.770000000000000e-01	9.051600831899647e+02
3.780000000000000e-01	9.052615892948454e+02
3.790000000000000e-01	9.053635232540661e+02
3.800000000000000e-01	9.054658879820693e+02
3.810000000000000e-01	9.055686864235724e+02
3.820000000000000e-01	9.056719215540239e+02
3.830000000000000e-01	9.057755963799992e+02
3.840000000000000e-01	9.058797139396788e+02
3.850000000000000e-01	9.059842773032586e+02
3.860000000000000e-01	9.060892895734298e+02
3.870000000000000e-01	9.061947678940433e+02
3.880000000000000e-01	9.063006977239875e+02
3.890000000000000e-01	9.064070898155559e+02
3.900000000000000e-01	9.065139400084200e+02
3.910000000000000e-01	9.066212585514910e+02
3.920000000000000e-01	9.067290422635884e+02
3.930000000000000e-01	9.068373004706938e+02
3.940000000000000e-01	9.069460310925379e+02
3.950000000000000e-01	9.070552424631400e+02
3.960000000000000e-01	9.071649336791968e+02
3.970000000000000e-01	9.072751120087948e+02
3.980000000000000e-01	9.073857778068854e+02
3.990000000000000e-01	9.074969371963739e+02
4.000000000000000e-01	9.076085918770100e+02
4.010000000000000e-01	9.077207467419189e+02
4.020000000000000e-01	9.078334049280637e+02
4.030000000000000e-01	9.079465700080701e+02
4.040000000000000e-01	9.080602466553581e+02
4.050000000000000e-01	9.081744370240946e+02
4.060000000000000e-01	9.082891270467345e+02
4.070000000000000e-01	9.084043574630666e+02
4.080000000000000e-01	9.085201001377145e+02
4.090000000000000e-01	9.086363870147461e+02
4.100000000000000e-01	9.087531968791665e+02
4.110000000000000e-01	9.088705563484809e+02
4.120000000000000e-01	9.089884501431801e+02
4.130000000000000e-01	9.091068987511808e+02
4.140000000000000e-01	9.092258935283794e+02
4.150000000000000e-01	9.093454482290421e+02
4.160000000000000e-01	9.094655614049066e+02
4.170000000000000e-01	9.095862395996005e+02
4.180000000000000e-01	9.097074888171176e+02
4.190000000000000e-01	9.098293084905018e+02
4.200000000000000e-01	9.099517100400601e+02
4.210000000000000e-01	9.100746888653615e+02
4.220000000000000e-01	9.101982625657586e+02
4.230000000000000e-01	9.103224152527177e+02
4.240000000000000e-01	9.104471800266357e+02
4.250000000000000e-01	9.105725332524261e+02
4.260000000000000e-01	9.106985084174665e+02
4.270000000000000e-01	9.108250966918944e+02
4.280000000000000e-01	9.109522979213548e+02
4.290000000000000e-01	9.110801193047514e+02
4.300000000000000e-01	9.112085512496880e+02
4.310000000000000e-01	9.113376315095301e+02
4.320000000000000e-01	9.114673308051382e+02
4.330000000000000e-01	9.115976647298563e+02
4.340000000000000e-01	9.117286473069340e+02
4.350000000000000e-01	9.118602842864717e+02
4.360000000000000e-01	9.119925814287208e+02
4.370000000000000e-01	9.121255430811430e+02
4.380000000000000e-01	9.122591739771945e+02
4.390000000000000e-01	9.123934796449639e+02
4.400000000000000e-01	9.125284649629804e+02
4.410000000000000e-01	9.126641322176459e+02
4.420000000000000e-01	9.128005221022989e+02
4.430000000000000e-01	9.129375875446893e+02
4.440000000000000e-01	9.130753487216840e+02
4.450000000000000e-01	9.132138304874945e+02
4.460000000000000e-01	9.133530279828378e+02
4.470000000000000e-01	9.134929798776307e+02
4.480000000000000e-01	9.136336326580252e+02
4.490000000000000e-01	9.137750487617884e+02
4.500000000000000e-01	9.139171813445678e+02
4.510000000000000e-01	9.140600784072172e+02
4.520000000000000e-01	9.142037177219895e+02
4.530000000000000e-01	9.143481260887570e+02
4.540000000000000e-01	9.144933003386137e+02
4.550000000000000e-01	9.146392519547592e+02
4.560000000000000e-01	9.147859897260857e+02
4.570000000000000e-01	9.149335151811491e+02
4.580000000000000e-01	9.150818457995293e+02
4.590000000000000e-01	9.152309816458151e+02
4.600000000000000e-01	9.153809741980448e+02
4.610000000000000e-01	9.155317511536042e+02
4.620000000000000e-01	9.156833980130101e+02
4.630000000000000e-01	9.158358446496305e+02
4.640000000000000e-01	9.159891768853404e+02
4.650000000000000e-01	9.161433257528892e+02
4.660000000000000e-01	9.162983766947643e+02
4.670000000000000e-01	9.164542611934280e+02
4.680000000000000e-01	9.166110650408998e+02
4.690000000000000e-01	9.167687195530560e+02
4.700000000000000e-01	9.169273114885924e+02
4.710000000000000e-01	9.170868066731352e+02
4.720000000000000e-01	9.172472199443064e+02
4.730000000000000e-01	9.174085605131843e+02
4.740000000000000e-01	9.175708378384960e+02
4.750000000000000e-01	9.177340615206052e+02
4.760000000000000e-01	9.178982413098057e+02
4.770000000000000e-01	9.180633871092309e+02
4.780000000000000e-01	9.182295089780799e+02
4.790000000000000e-01	9.183966171349185e+02
4.800000000000000e-01	9.185647219610651e+02
4.810000000000000e-01	9.187338340040633e+02
4.820000000000000e-01	9.189039639812507e+02
4.830000000000000e-01	9.190751227834201e+02
4.840000000000000e-01	9.192473214785844e+02
4.850000000000000e-01	9.194205713158431e+02
4.860000000000000e-01	9.195948837293507e+02
4.870000000000000e-01	9.197702703423938e+02
4.880000000000000e-01	9.199467429715895e+02
4.890000000000000e-01	9.201243136311923e+02
4.900000000000000e-01	9.203029945375238e+02
4.910000000000000e-01	9.204827981135260e+02
4.920000000000000e-01	9.206637369934466e+02
4.930000000000000e-01	9.208458240276558e+02
4.940000000000000e-01	9.210290722875977e+02
4.950000000000000e-01	9.212134950708883e+02
4.960000000000000e-01	9.213991059065592e+02
4.970000000000000e-01	9.215859185604533e+02
4.980000000000000e-01	9.217739470407804e+02
4.990000000000000e-01	9.219632056038350e+02
5.000000000000000e-01	9.221537087598824e+02
5.010000000000000e-01	9.223454712792222e+02
5.020000000000000e-01	9.225385081984303e+02
5.030000000000000e-01	9.227328348267936e+02
5.040000000000000e-01	9.229284667529350e+02
5.050000000000000e-01	9.231254198516438e+02
5.060000000000000e-01	9.233237102909129e+02
5.070000000000000e-01	9.235233545391982e+02
5.080000000000000e-01	9.237243693728968e+02
5.090000000000000e-01	9.239267718840636e+02
5.100000000000000e-01	9.241305794883682e+02
5.110000000000000e-01	9.243358099333068e+02
5.120000000000000e-01	9.245424813066718e+02
5.130000000000000e-01	9.247506120452950e+02
5.140000000000000e-01	9.249602209440733e+02
5.150000000000000e-01	9.251713271652856e+02
5.160000000000000e-01	9.253839502482151e+02
5.170000000000000e-01	9.255981101190896e+02
5.180000000000000e-01	9.258138271013474e+02
5.190000000000000e-01	9.260311219262487e+02
5.200000000000000e-01	9.262500157438416e+02
5.210000000000000e-01	9.264705301342982e+02
5.220000000000000e-01	9.266926871196365e+02
5.230000000000000e-01	9.269165091758440e+02
5.240000000000000e-01	9.271420192454193e+02
5.250000000000000e-01	9.273692365269093e+02
5.260000000000000e-01	9.275981933540243e+02
5.270000000000000e-01	9.278288960379157e+02
5.280000000000000e-01	9.280613972742699e+02
5.290000000000000e-01	9.282956847283757e+02
5.300000000000000e-01	9.285318322384235e+02
5.310000000000000e-01	9.287698088453036e+02
5.320000000000000e-01	9.290097089675850e+02
5.330000000000000e-01	9.292514834463061e+02
5.340000000000000e-01	9.294952472580089e+02
5.350000000000000e-01	9.297409330645800e+02
5.360000000000000e-01	9.299886766657357e+02
5.370000000000000e-01	9.302383923569523e+02
5.380000000000000e-01	9.304902371768552e+02
5.390000000000000e-01	9.307441067534185e+02
5.400000000000000e-01	9.310001798809533e+02
5.410000000000000e-01	9.312583331392303e+02
5.420000000000000e-01	9.315187676792482e+02
5.430000000000000e-01	9.317813405866186e+02
5.440000000000000e-01	9.320462760448052e+02
5.450000000000000e-01	9.323134111408376e+02
5.460000000000000e-01	9.325829757887545e+02
5.470000000000000e-01	9.328548763501058e+02
5.480000000000000e-01	9.331292449645122e+02
5.490000000000000e-01	9.334060062254899e+02
5.500000000000000e-01	9.336853171687279e+02
5.510000000000000e-01	9.339671410333965e+02
5.520000000000000e-01	9.342515668609404e+02
5.530000000000000e-01	9.345386089405171e+02
5.540000000000000e-01	9.348283261094364e+02
5.550000000000000e-01	9.351207586834654e+02
5.560000000000000e-01	9.354159548411147e+02
5.570000000000001e-01	9.357139624032890e+02
5.580000000000001e-01	9.360148305741892e+02
5.590000000000001e-01	9.363186098667697e+02
5.600000000000001e-01	9.366253523500513e+02
5.610000000000001e-01	9.369351119459636e+02
5.620000000000001e-01	9.372479447188470e+02
5.630000000000001e-01	9.375639090381409e+02
5.640000000000001e-01	9.378830655445911e+02
5.650000000000001e-01	9.382054915965941e+02
5.660000000000001e-01	9.385313238817403e+02
5.670000000000001e-01	9.388604636822703e+02
5.680000000000001e-01	9.391930572543362e+02
5.690000000000001e-01	9.395292743588253e+02
5.700000000000001e-01	9.398690208403483e+02
5.710000000000001e-01	9.402125385202693e+02
5.720000000000001e-01	9.405596857848216e+02
5.730000000000001e-01	9.409107706575303e+02
5.740000000000001e-01	9.412656612061959e+02
5.750000000000001e-01	9.416246609949893e+02
5.760000000000001e-01	9.419876035068557e+02
5.770000000000000e-01	9.423545746108880e+02
5.780000000000000e-01	9.427258853406607e+02
5.790000000000000e-01	9.431015349966101e+02
5.800000000000000e-01	9.434816266614114e+02
5.810000000000000e-01	9.438662609464831e+02
5.820000000000000e-01	9.442555418755626e+02
5.830000000000000e-01	9.446495770947359e+02
5.840000000000000e-01	9.450484780604510e+02
5.850000000000000e-01	9.454523637476724e+02
5.860000000000000e-01	9.458613855774439e+02
5.870000000000000e-01	9.462756036654282e+02
5.880000000000000e-01	9.466952110885170e+02
5.890000000000000e-01	9.471202709801513e+02
5.900000000000000e-01	9.475510226877545e+02
5.910000000000000e-01	9.479874799869963e+02
5.920000000000000e-01	9.484299699241272e+02
5.930000000000000e-01	9.488786159562911e+02
5.940000000000000e-01	9.493333385308198e+02
5.950000000000000e-01	9.497944323513856e+02
5.960000000000000e-01	9.502621143277300e+02
5.970000000000000e-01	9.507365560584891e+02
5.980000000000000e-01	9.512179485136534e+02
5.990000000000000e-01	9.517064890658827e+02
6.000000000000000e-01	9.522023839902483e+02
6.010000000000000e-01	9.527058486611367e+02
6.020000000000000e-01	9.532171080883774e+02
6.030000000000000e-01	9.537363974912494e+02
6.040000000000000e-01	9.542639629223532e+02
6.050000000000000e-01	9.548000632009997e+02
6.060000000000000e-01	9.553451425119533e+02
6.070000000000000e-01	9.558993057621931e+02
6.080000000000000e-01	9.564628410065501e+02
6.090000000000000e-01	9.570360573394518e+02
6.100000000000000e-01	9.576191406332323e+02
6.110000000000000e-01	9.582127921544186e+02
6.120000000000000e-01	9.588171075004897e+02
6.130000000000000e-01	9.594324271397601e+02
6.140000000000000e-01	9.600594486005899e+02
6.150000000000000e-01	9.606982034476333e+02
6.160000000000000e-01	9.613493783483665e+02
6.170000000000000e-01	9.620134179460906e+02
6.180000000000000e-01	9.626908296470083e+02
6.190000000000000e-01	9.633821466838338e+02
6.200000000000000e-01	9.640879365321316e+02
6.210000000000000e-01	9.648088026013016e+02
6.220000000000000e-01	9.655453873812613e+02
6.230000000000000e-01	9.662983759330496e+02
6.240000000000000e-01	9.670685016906651e+02
6.250000000000000e-01	9.678565730311433e+02
6.260000000000000e-01	9.686633756910153e+02
6.270000000000000e-01	9.694899253911719e+02
6.280000000000000e-01	9.703370121294835e+02
6.290000000000000e-01	9.712058978729380e+02
6.300000000000000e-01	9.720974541270201e+02
6.310000000000000e-01	9.730131130383870e+02
6.320000000000000e-01	9.739540198417681e+02
6.330000000000000e-01	9.749218844916910e+02
6.340000000000000e-01	9.759179006951812e+02
6.350000000000000e-01	9.769441775059532e+02
6.360000000000000e-01	9.780023793748646e+02
6.370000000000000e-01	9.790945016668239e+02
6.380000000000000e-01	9.802228262818187e+02
6.390000000000000e-01	9.813900545982050e+02
6.400000000000000e-01	9.825989729315053e+02
6.410000000000000e-01	9.838527442269959e+02
6.420000000000000e-01	9.851549221119304e+02
6.430000000000000e-01	9.865095865456725e+02
6.440000000000000e-01	9.879213422435572e+02
6.450000000000000e-01	9.893954992698077e+02
6.460000000000000e-01	9.909382116969477e+02
6.470000000000000e-01	9.925566518419608e+02
6.480000000000000e-01	9.942593376505574e+02
6.490000000000000e-01	9.960564234353509e+02
6.500000000000000e-01	9.979603651712029e+02
6.510000000000000e-01	9.999860493239792e+02
6.520000000000000e-01	1.002152597376052e+03
6.530000000000000e-01	1.004484118937778e+03
6.540000000000000e-01	1.007012030906761e+03
6.550000000000000e-01	1.009778040127466e+03
6.560000000000000e-01	1.012838016554567e+03
6.570000000000000e-01	1.016266799855699e+03
6.580000000000000e-01	1.020158171969490e+03
6.590000000000000e-01	1.024603805963756e+03
6.600000000000000e-01	1.029601308123431e+03
6.610000000000000e-01	1.034856773862586e+03
6.620000000000000e-01	1.039706660169407e+03
6.630000000000000e-01	1.043545087826680e+03
6.640000000000000e-01	1.046264795215320e+03
6.650000000000000e-01	1.048105481294138e+03
6.660000000000000e-01	1.049349596350623e+03
6.670000000000000e-01	1.050206737340184e+03
6.680000000000000e-01	1.050812318367767e+03
6.690000000000000e-01	1.051251223154543e+03
6.700000000000000e-01	1.051576759930120e+03
6.710000000000000e-01	1.051823148165513e+03
6.720000000000000e-01	1.052013021401043e+03
6.730000000000000e-01	1.052161602933445e+03
6.740000000000000e-01	1.052279445343776e+03
6.750000000000000e-01	1.052374013033062e+03
6.760000000000000e-01	1.052450710245325e+03
6.770000000000000e-01	1.052513504549464e+03
6.780000000000000e-01	1.052565349990918e+03
6.790000000000000e-01	1.052608464559149e+03
6.800000000000000e-01	1.052644592329276e+03
6.810000000000000e-01	1.052675043799850e+03
6.820000000000001e-01	1.052700862620311e+03
6.830000000000001e-01	1.052722884588483e+03
6.840000000000001e-01	1.052741760556213e+03
6.850000000000001e-01	1.052758013087971e+03
6.860000000000001e-01	1.052772074426363e+03
6.870000000000001e-01	1.052784265865427e+03
6.880000000000001e-01	1.052794907026098e+03
6.890000000000001e-01	1.052804225043980e+03
6.900000000000001e-01	1.052812411219874e+03
6.910000000000001e-01	1.052819641624891e+03
6.920000000000001e-01	1.052826029658402e+03
6.930000000000001e-01	1.052831736162469e+03
6.940000000000001e-01	1.052836806198969e+03
6.950000000000001e-01	1.052841317139291e+03
6.960000000000001e-01	1.052845368587298e+03
6.970000000000001e-01	1.052849007742012e+03
6.980000000000001e-01	1.052852301379373e+03
6.990000000000001e-01	1.052855262031831e+03
7.000000000000001e-01	1.052857942369270e+03
7.010000000000001e-01	1.052860372539648e+03
7.020000000000001e-01	1.052862576611206e+03
7.030000000000001e-01	1.052864589225391e+03
7.040000000000000e-01	1.052866428290097e+03
7.050000000000000e-01	1.052868113506186e+03
7.060000000000000e-01	1.052869660851658e+03
7.070000000000000e-01	1.052871084395958e+03
7.080000000000000e-01	1.052872396551689e+03
7.090000000000000e-01	1.052873608293292e+03
7.100000000000000e-01	1.052874729343974e+03
7.110000000000000e-01	1.052875768335822e+03
7.120000000000000e-01	1.052876732947306e+03
7.130000000000000e-01	1.052877630021650e+03
7.140000000000000e-01	1.052878465668989e+03
7.150000000000000e-01	1.052879245354718e+03
7.160000000000000e-01	1.052879975622345e+03
7.170000000000000e-01	1.052880656146681e+03
7.180000000000000e-01	1.052881296088870e+03
7.190000000000000e-01	1.052881894468563e+03
7.200000000000000e-01	1.052882458827138e+03
7.210000000000000e-01	1.052882989407354e+03
7.220000000000000e-01	1.052883490281767e+03
7.230000000000000e-01	1.052883962349262e+03
7.240000000000000e-01	1.052884409329563e+03
7.250000000000000e-01	1.052884831564306e+03
7.260000000000000e-01	1.052885232462512e+03
7.270000000000000e-01	1.052885612066156e+03
7.280000000000000e-01	1.052885973332186e+03
7.290000000000000e-01	1.052886316290577e+03
7.300000000000000e-01	1.052886643316767e+03
7.310000000000000e-01	1.052886954607386e+03
7.320000000000000e-01	1.052887251942085e+03
7.330000000000000e-01	1.052887535714882e+03
7.340000000000000e-01	1.052887807207830e+03
7.350000000000000e-01	1.052888067289172e+03
7.360000000000000e-01	1.052888316298646e+03
7.370000000000000e-01	1.052888555088059e+03
7.380000000000000e-01	1.052888784280900e+03
7.390000000000000e-01	1.052889004460539e+03
7.400000000000000e-01	1.052889216166222e+03
7.410000000000000e-01	1.052889419897179e+03
7.420000000000000e-01	1.052889616116043e+03
7.430000000000000e-01	1.052889805251951e+03
7.440000000000000e-01	1.052889987703345e+03
7.450000000000000e-01	1.052890163840525e+03
7.460000000000000e-01	1.052890334007943e+03
7.470000000000000e-01	1.052890498526311e+03
7.480000000000000e-01	1.052890657694495e+03
7.490000000000000e-01	1.052890811791254e+03
7.500000000000000e-01	1.052890961076815e+03
7.510000000000000e-01	1.052891105794315e+03
7.520000000000000e-01	1.052891246171113e+03
7.530000000000000e-01	1.052891382419989e+03
7.540000000000000e-01	1.052891514740242e+03
7.550000000000000e-01	1.052891643318693e+03
7.560000000000000e-01	1.052891768330606e+03
7.570000000000000e-01	1.052891889940531e+03
7.580000000000000e-01	1.052892008303075e+03
7.590000000000000e-01	1.052892123563616e+03
7.600000000000000e-01	1.052892235858950e+03
7.610000000000000e-01	1.052892345317900e+03
7.620000000000000e-01	1.052892452061861e+03
7.630000000000000e-01	1.052892556205312e+03
7.640000000000000e-01	1.052892657856286e+03
7.650000000000000e-01	1.052892757116804e+03
7.660000000000000e-01	1.052892854083272e+03
7.670000000000000e-01	1.052892948846851e+03
7.680000000000000e-01	1.052893041493798e+03
7.690000000000000e-01	1.052893132105784e+03
7.700000000000000e-01	1.052893220760184e+03
7.710000000000000e-01	1.052893307530345e+03
7.720000000000000e-01	1.052893392485838e+03
7.730000000000000e-01	1.052893475692689e+03
7.740000000000000e-01	1.052893557213587e+03
7.750000000000000e-01	1.052893637108084e+03
7.760000000000000e-01	1.052893715432765e+03
7.770000000000000e-01	1.052893792241403e+03
7.780000000000000e-01	1.052893867585048e+03
7.790000000000000e-01	1.052893941530085e+03
7.800000000000000e-01	1.052894014123409e+03
7.810000000000000e-01	1.052894085408531e+03
7.820000000000000e-01	1.052894155427009e+03
7.830000000000000e-01	1.052894224218551e+03
7.840000000000000e-01	1.052894291821124e+03
7.850000000000000e-01	1.052894358271044e+03
7.860000000000000e-01	1.052894423603064e+03
7.870000000000000e-01	1.052894487850461e+03
7.880000000000000e-01	1.052894551045111e+03
7.890000000000000e-01	1.052894613217564e+03
7.900000000000000e-01	1.052894674397113e+03
7.910000000000000e-01	1.052894734611858e+03
7.920000000000000e-01	1.052894793888768e+03
7.930000000000000e-01	1.052894852253736e+03
7.940000000000000e-01	1.052894909731635e+03
7.950000000000000e-01	1.052894966346367e+03
7.960000000000000e-01	1.052895022120912e+03
7.970000000000000e-01	1.052895077077374e+03
7.980000000000000e-01	1.052895131237020e+03
7.990000000000000e-01	1.052895184620322e+03
8.000000000000000e-01	1.052895237246995e+03
8.010000000000000e-01	1.052895289136034e+03
8.020000000000000e-01	1.052895340305743e+03
8.030000000000000e-01	1.052895390773864e+03
8.040000000000000e-01	1.052895440557314e+03
8.050000000000000e-01	1.052895489672526e+03
8.060000000000000e-01	1.052895538135353e+03
8.070000000000001e-01	1.052895585961106e+03
8.080000000000001e-01	1.052895633164570e+03
8.090000000000001e-01	1.052895679760034e+03
8.100000000000001e-01	1.052895725761310e+03
8.110000000000001e-01	1.052895771181752e+03
8.120000000000001e-01	1.052895816034279e+03
8.130000000000001e-01	1.052895860331390e+03
8.140000000000001e-01	1.052895904085183e+03
8.150000000000001e-01	1.052895947307374e+03
8.160000000000001e-01	1.052895990009308e+03
8.170000000000001e-01	1.052896032201976e+03
8.180000000000001e-01	1.052896073896034e+03
8.190000000000001e-01	1.052896115101807e+03
8.200000000000001e-01	1.052896155829312e+03
8.210000000000001e-01	1.052896196088263e+03
8.220000000000001e-01	1.052896235888086e+03
8.230000000000001e-01	1.052896275237932e+03
8.240000000000001e-01	1.052896314146683e+03
8.250000000000001e-01	1.052896352622964e+03
8.260000000000001e-01	1.052896390675155e+03
8.270000000000001e-01	1.052896428311397e+03
8.280000000000001e-01	1.052896465539605e+03
8.290000000000001e-01	1.052896502367470e+03
8.300000000000001e-01	1.052896538802475e+03
8.310000000000001e-01	1.052896574851894e+03
8.320000000000001e-01	1.052896610522806e+03
8.330000000000000e-01	1.052896645822102e+03
8.340000000000000e-01	1.052896680756486e+03
8.350000000000000e-01	1.052896715332486e+03
8.360000000000000e-01	1.052896749556462e+03
8.370000000000000e-01	1.052896783434605e+03
8.380000000000000e-01	1.052896816972950e+03
8.390000000000000e-01	1.052896850177376e+03
8.400000000000000e-01	1.052896883053614e+03
8.410000000000000e-01	1.052896915607252e+03
8.420000000000000e-01	1.052896947843739e+03
8.430000000000000e-01	1.052896979768388e+03
8.440000000000000e-01	1.052897011386385e+03
8.450000000000000e-01	1.052897042702786e+03
8.460000000000000e-01	1.052897073722530e+03
8.470000000000000e-01	1.052897104450435e+03
8.480000000000000e-01	1.052897134891207e+03
8.490000000000000e-01	1.052897165049439e+03
8.500000000000000e-01	1.052897194929618e+03
8.510000000000000e-01	1.052897224536129e+03
8.520000000000000e-01	1.052897253873253e+03
8.530000000000000e-01	1.052897282945177e+03
8.540000000000000e-01	1.052897311755991e+03
8.550000000000000e-01	1.052897340309694e+03
8.560000000000000e-01	1.052897368610197e+03
8.570000000000000e-01	1.052897396661323e+03
8.580000000000000e-01	1.052897424466811e+03
8.590000000000000e-01	1.052897452030321e+03
8.600000000000000e-01	1.052897479355432e+03
8.610000000000000e-01	1.052897506445646e+03
8.620000000000000e-01	1.052897533304391e+03
8.630000000000000e-01	1.052897559935023e+03
8.640000000000000e-01	1.052897586340828e+03
8.650000000000000e-01	1.052897612525020e+03
8.660000000000000e-01	1.052897638490752e+03
8.670000000000000e-01	1.052897664241107e+03
8.680000000000000e-01	1.052897689779109e+03
8.690000000000000e-01	1.052897715107717e+03
8.700000000000000e-01	1.052897740229835e+03
8.710000000000000e-01	1.052897765148304e+03
8.720000000000000e-01	1.052897789865912e+03
8.730000000000000e-01	1.052897814385391e+03
8.740000000000000e-01	1.052897838709419e+03
8.750000000000000e-01	1.052897862840621e+03
8.760000000000000e-01	1.052897886781574e+03
8.770000000000000e-01	1.052897910534803e+03
8.780000000000000e-01	1.052897934102786e+03
8.790000000000000e-01	1.052897957487952e+03
8.800000000000000e-01	1.052897980692688e+03
8.810000000000000e-01	1.052898003719332e+03
8.820000000000000e-01	1.052898026570182e+03
8.830000000000000e-01	1.052898049247490e+03
8.840000000000000e-01	1.052898071753469e+03
8.850000000000000e-01	1.052898094090292e+03
8.860000000000000e-01	1.052898116260090e+03
8.870000000000000e-01	1.052898138264958e+03
8.880000000000000e-01	1.052898160106952e+03
8.890000000000000e-01	1.052898181788091e+03
8.900000000000000e-01	1.052898203310359e+03
8.910000000000000e-01	1.052898224675705e+03
8.920000000000000e-01	1.052898245886043e+03
8.930000000000000e-01	1.052898266943255e+03
8.940000000000000e-01	1.052898287849189e+03
8.950000000000000e-01	1.052898308605662e+03
8.960000000000000e-01	1.052898329214458e+03
8.970000000000000e-01	1.052898349677335e+03
8.980000000000000e-01	1.052898369996016e+03
8.990000000000000e-01	1.052898390172197e+03
9.000000000000000e-01	1.052898410207547e+03
9.010000000000000e-01	1.052898430103706e+03
9.020000000000000e-01	1.052898449862285e+03
9.030000000000000e-01	1.052898469484872e+03
9.040000000000000e-01	1.052898488973026e+03
9.050000000000000e-01	1.052898508328282e+03
9.060000000000000e-01	1.052898527552150e+03
9.070000000000000e-01	1.052898546646115e+03
9.080000000000000e-01	1.052898565611638e+03
9.090000000000000e-01	1.052898584450158e+03
9.100000000000000e-01	1.052898603163089e+03
9.110000000000000e-01	1.052898621751825e+03
9.120000000000000e-01	1.052898640217736e+03
9.130000000000000e-01	1.052898658562172e+03
9.140000000000000e-01	1.052898676786461e+03
9.150000000000000e-01	1.052898694891911e+03
9.160000000000000e-01	1.052898712879810e+03
9.170000000000000e-01	1.052898730751425e+03
9.180000000000000e-01	1.052898748508005e+03
9.190000000000000e-01	1.052898766150779e+03
9.200000000000000e-01	1.052898783680958e+03
9.210000000000000e-01	1.052898801099735e+03
9.220000000000000e-01	1.052898818408284e+03
9.230000000000000e-01	1.052898835607763e+03
9.240000000000000e-01	1.052898852699311e+03
9.250000000000000e-01	1.052898869684053e+03
9.260000000000000e-01	1.052898886563094e+03
9.270000000000000e-01	1.052898903337526e+03
9.280000000000000e-01	1.052898920008422e+03
9.290000000000000e-01	1.052898936576841e+03
9.300000000000000e-01	1.052898953043828e+03
9.310000000000000e-01	1.052898969410411e+03
9.320000000000001e-01	1.052898985677604e+03
9.330000000000001e-01	1.052899001846406e+03
9.340000000000001e-01	1.052899017917803e+03
9.350000000000001e-01	1.052899033892767e+03
9.360000000000001e-01	1.052899049772254e+03
9.370000000000001e-01	1.052899065557209e+03
9.380000000000001e-01	1.052899081248564e+03
9.390000000000001e-01	1.052899096847237e+03
9.400000000000001e-01	1.052899112354133e+03
9.410000000000001e-01	1.052899127770145e+03
9.420000000000001e-01	1.052899143096155e+03
9.430000000000001e-01	1.052899158333031e+03
9.440000000000001e-01	1.052899173481630e+03
9.450000000000001e-01	1.052899188542799e+03
9.460000000000001e-01	1.052899203517369e+03
9.470000000000001e-01	1.052899218406165e+03
9.480000000000001e-01	1.052899233209999e+03
9.490000000000001e-01	1.052899247929671e+03
9.500000000000001e-01	1.052899262565973e+03
9.510000000000001e-01	1.052899277119684e+03
9.520000000000001e-01	1.052899291591573e+03
9.530000000000001e-01	1.052899305982401e+03
9.540000000000001e-01	1.052899320292917e+03
9.550000000000001e-01	1.052899334523861e+03
9.560000000000001e-01	1.052899348675965e+03
9.570000000000001e-01	1.052899362749948e+03
9.580000000000001e-01	1.052899376746523e+03
9.590000000000001e-01	1.052899390666392e+03
9.600000000000000e-01	1.052899404510249e+03
9.610000000000000e-01	1.052899418278780e+03
9.620000000000000e-01	1.052899431972660e+03
9.630000000000000e-01	1.052899445592556e+03
9.640000000000000e-01	1.052899459139130e+03
9.650000000000000e-01	1.052899472613031e+03
9.660000000000000e-01	1.052899486014902e+03
9.670000000000000e-01	1.052899499345380e+03
9.680000000000000e-01	1.052899512605090e+03
9.690000000000000e-01	1.052899525794653e+03
9.700000000000000e-01	1.052899538914680e+03
9.710000000000000e-01	1.052899551965776e+03
9.720000000000000e-01	1.052899564948538e+03
9.730000000000000e-01	1.052899577863556e+03
9.740000000000000e-01	1.052899590711412e+03
9.750000000000000e-01	1.052899603492682e+03
9.760000000000000e-01	1.052899616207935e+03
9.770000000000000e-01	1.052899628857733e+03
9.780000000000000e-01	1.052899641442630e+03
9.790000000000000e-01	1.052899653963176e+03
9.800000000000000e-01	1.052899666419914e+03
9.810000000000000e-01	1.052899678813378e+03
9.820000000000000e-01	1.052899691144099e+03
9.830000000000000e-01	1.052899703412598e+03
9.840000000000000e-01	1.052899715619395e+03
9.850000000000000e-01	1.052899727765000e+03
9.860000000000000e-01	1.052899739849917e+03
9.870000000000000e-01	1.052899751874648e+03
9.880000000000000e-01	1.052899763839685e+03
9.890000000000000e-01	1.052899775745515e+03
9.900000000000000e-01	1.052899787592623e+03
9.910000000000000e-01	1.052899799381484e+03
9.920000000000000e-01	1.052899811112571e+03
9.930000000000000e-01	1.052899822786349e+03
9.940000000000000e-01	1.052899834403280e+03
9.950000000000000e-01	1.052899845963818e+03
9.960000000000000e-01	1.052899857468415e+03
9.970000000000000e-01	1.052899868917517e+03
9.980000000000000e-01	1.052899880311564e+03
9.990000000000000e-01	1.052899891650991e+03
1.000000000000000e+00	1.052899902936231e+03
1.001000000000000e+00	1.052899914167708e+03
1.002000000000000e+00	1.052899925345845e+03
1.003000000000000e+00	1.052899936471058e+03
1.004000000000000e+00	1.052899947543761e+03
1.005000000000000e+00	1.052899958564360e+03
1.006000000000000e+00	1.052899969533259e+03
1.007000000000000e+00	1.052899980450857e+03
1.008000000000000e+00	1.052899991317550e+03
1.009000000000000e+00	1.052900002133727e+03
1.010000000000000e+00	1.052900012899775e+03
1.011000000000000e+00	1.052900023616076e+03
1.012000000000000e+00	1.052900034283009e+03
1.013000000000000e+00	1.052900044900947e+03
1.014000000000000e+00	1.052900055470262e+03
1.015000000000000e+00	1.052900065991318e+03
1.016000000000000e+00	1.052900076464479e+03
1.017000000000000e+00	1.052900086890103e+03
1.018000000000000e+00	1.052900097268545e+03
1.019000000000000e+00	1.052900107600156e+03
1.020000000000000e+00	1.052900117885285e+03
1.021000000000000e+00	1.052900128124274e+03
1.022000000000000e+00	1.052900138317465e+03
1.023000000000000e+00	1.052900148465194e+03
1.024000000000000e+00	1.052900158567794e+03
1.025000000000000e+00	1.052900168625597e+03
1.026000000000000e+00	1.052900178638928e+03
1.027000000000000e+00	1.052900188608111e+03
1.028000000000000e+00	1.052900198533465e+03
1.029000000000000e+00	1.052900208415308e+03
1.030000000000000e+00	1.052900218253955e+03
1.031000000000000e+00	1.052900228049713e+03
1.032000000000000e+00	1.052900237802892e+03
1.033000000000000e+00	1.052900247513796e+03
1.034000000000000e+00	1.052900257182726e+03
1.035000000000000e+00	1.052900266809980e+03
1.036000000000000e+00	1.052900276395853e+03
1.037000000000000e+00	1.052900285940638e+03
1.038000000000000e+00	1.052900295444625e+03
1.039000000000000e+00	1.052900304908100e+03
1.040000000000000e+00	1.052900314331348e+03
1.041000000000000e+00	1.052900323714648e+03
1.042000000000000e+00	1.052900333058280e+03
1.043000000000000e+00	1.052900342362519e+03
1.044000000000000e+00	1.052900351627639e+03
1.045000000000000e+00	1.052900360853910e+03
1.046000000000000e+00	1.052900370041599e+03
1.047000000000000e+00	1.052900379190971e+03
1.048000000000000e+00	1.052900388302290e+03
1.049000000000000e+00	1.052900397375816e+03
1.050000000000000e+00	1.052900406411805e+03
1.051000000000000e+00	1.052900415410514e+03
1.052000000000000e+00	1.052900424372195e+03
1.053000000000000e+00	1.052900433297099e+03
1.054000000000000e+00	1.052900442185473e+03
1.055000000000000e+00	1.052900451037564e+03
1.056000000000000e+00	1.052900459853614e+03
1.057000000000000e+00	1.052900468633866e+03
1.058000000000000e+00	1.052900477378557e+03
1.059000000000000e+00	1.052900486087925e+03
1.060000000000000e+00	1.052900494762205e+03
1.061000000000000e+00	1.052900503401627e+03
1.062000000000000e+00	1.052900512006423e+03
1.063000000000000e+00	1.052900520576821e+03
1.064000000000000e+00	1.052900529113046e+03
1.065000000000000e+00	1.052900537615323e+03
1.066000000000000e+00	1.052900546083873e+03
1.067000000000000e+00	1.052900554518916e+03
1.068000000000000e+00	1.052900562920671e+03
1.069000000000000e+00	1.052900571289352e+03
1.070000000000000e+00	1.052900579625174e+03
1.071000000000000e+00	1.052900587928349e+03
1.072000000000000e+00	1.052900596199087e+03
1.073000000000000e+00	1.052900604437596e+03
1.074000000000000e+00	1.052900612644082e+03
1.075000000000000e+00	1.052900620818750e+03
1.076000000000000e+00	1.052900628961803e+03
1.077000000000000e+00	1.052900637073441e+03
1.078000000000000e+00	1.052900645153865e+03
1.079000000000000e+00	1.052900653203270e+03
1.080000000000000e+00	1.052900661221853e+03
1.081000000000000e+00	1.052900669209808e+03
1.082000000000000e+00	1.052900677167326e+03
1.083000000000000e+00	1.052900685094598e+03
1.084000000000000e+00	1.052900692991814e+03
1.085000000000000e+00	1.052900700859160e+03
1.086000000000000e+00	1.052900708696822e+03
1.087000000000000e+00	1.052900716504984e+03
1.088000000000000e+00	1.052900724283828e+03
1.089000000000000e+00	1.052900732033536e+03
1.090000000000000e+00	1.052900739754286e+03
1.091000000000000e+00	1.052900747446256e+03
1.092000000000000e+00	1.052900755109623e+03
1.093000000000000e+00	1.052900762744561e+03
1.094000000000000e+00	1.052900770351243e+03
1.095000000000000e+00	1.052900777929842e+03
1.096000000000000e+00	1.052900785480527e+03
1.097000000000000e+00	1.052900793003467e+03
1.098000000000000e+00	1.052900800498830e+03
1.099000000000000e+00	1.052900807966782e+03
1.100000000000000e+00	1.052900815407488e+03
1.101000000000000e+00	1.052900822821111e+03
1.102000000000000e+00	1.052900830207812e+03
1.103000000000000e+00	1.052900837567753e+03
1.104000000000000e+00	1.052900844901092e+03
1.105000000000000e+00	1.052900852207988e+03
1.106000000000000e+00	1.052900859488597e+03
1.107000000000000e+00	1.052900866743074e+03
1.108000000000000e+00	1.052900873971574e+03
1.109000000000000e+00	1.052900881174249e+03
1.110000000000000e+00	1.052900888351250e+03
1.111000000000000e+00	1.052900895502729e+03
1.112000000000000e+00	1.052900902628834e+03
1.113000000000000e+00	1.052900909729712e+03
1.114000000000000e+00	1.052900916805512e+03
1.115000000000000e+00	1.052900923856378e+03
1.116000000000000e+00	1.052900930882454e+03
1.117000000000000e+00	1.052900937883883e+03
1.118000000000000e+00	1.052900944860808e+03
1.119000000000000e+00	1.052900951813369e+03
1.120000000000000e+00	1.052900958741707e+03
1.121000000000000e+00	1.052900965645959e+03
1.122000000000000e+00	1.052900972526264e+03
1.123000000000000e+00	1.052900979382757e+03
1.124000000000000e+00	1.052900986215573e+03
1.125000000000000e+00	1.052900993024848e+03
1.126000000000000e+00	1.052900999810715e+03
1.127000000000000e+00	1.052901006573305e+03
1.128000000000000e+00	1.052901013312749e+03
1.129000000000000e+00	1.052901020029178e+03
1.130000000000000e+00	1.052901026722721e+03
1.131000000000000e+00	1.052901033393506e+03
1.132000000000000e+00	1.052901040041660e+03
1.133000000000000e+00	1.052901046667308e+03
1.134000000000000e+00	1.052901053270577e+03
1.135000000000000e+00	1.052901059851589e+03
1.136000000000000e+00	1.052901066410469e+03
1.137000000000000e+00	1.052901072947338e+03
1.138000000000000e+00	1.052901079462319e+03
1.139000000000000e+00	1.052901085955530e+03
1.140000000000000e+00	1.052901092427092e+03
1.141000000000000e+00	1.052901098877123e+03
1.142000000000000e+00	1.052901105305741e+03
1.143000000000000e+00	1.052901111713062e+03
1.144000000000000e+00	1.052901118099202e+03
1.145000000000000e+00	1.052901124464277e+03
1.146000000000000e+00	1.052901130808400e+03
1.147000000000000e+00	1.052901137131684e+03
1.148000000000000e+00	1.052901143434242e+03
1.149000000000000e+00	1.052901149716186e+03
1.150000000000000e+00	1.052901155977626e+03
1.151000000000000e+00	1.052901162218672e+03
1.152000000000000e+00	1.052901168439433e+03
1.153000000000000e+00	1.052901174640017e+03
1.154000000000000e+00	1.052901180820531e+03
1.155000000000000e+00	1.052901186981084e+03
1.156000000000000e+00	1.052901193121779e+03
1.157000000000000e+00	1.052901199242722e+03
1.158000000000000e+00	1.052901205344018e+03
1.159000000000000e+00	1.052901211425770e+03
1.160000000000000e+00	1.052901217488081e+03
1.161000000000000e+00	1.052901223531053e+03
1.162000000000000e+00	1.052901229554787e+03
1.163000000000000e+00	1.052901235559383e+03
1.164000000000000e+00	1.052901241544942e+03
1.165000000000000e+00	1.052901247511562e+03
1.166000000000000e+00	1.052901253459342e+03
1.167000000000000e+00	1.052901259388380e+03
1.168000000000000e+00	1.052901265298772e+03
1.169000000000000e+00	1.052901271190615e+03
1.170000000000000e+00	1.052901277064004e+03
1.171000000000000e+00	1.052901282919035e+03
1.172000000000000e+00	1.052901288755800e+03
1.173000000000000e+00	1.052901294574395e+03
1.174000000000000e+00	1.052901300374911e+03
1.175000000000000e+00	1.052901306157441e+03
1.176000000000000e+00	1.052901311922076e+03
1.177000000000000e+00	1.052901317668908e+03
1.178000000000000e+00	1.052901323398026e+03
1.179000000000000e+00	1.052901329109520e+03
1.180000000000000e+00	1.052901334803480e+03
1.181000000000000e+00	1.052901340479993e+03
1.182000000000000e+00	1.052901346139147e+03
1.183000000000000e+00	1.052901351781029e+03
1.184000000000000e+00	1.052901357405727e+03
1.185000000000000e+00	1.052901363013325e+03
1.186000000000000e+00	1.052901368603909e+03
1.187000000000000e+00	1.052901374177563e+03
1.188000000000000e+00	1.052901379734373e+03
1.189000000000000e+00	1.052901385274421e+03
1.190000000000000e+00	1.052901390797790e+03
1.191000000000000e+00	1.052901396304563e+03
1.192000000000000e+00	1.052901401794822e+03
1.193000000000000e+00	1.052901407268648e+03
1.194000000000000e+00	1.052901412726121e+03
1.195000000000000e+00	1.052901418167322e+03
1.196000000000000e+00	1.052901423592330e+03
1.197000000000000e+00	1.052901429001225e+03
1.198000000000000e+00	1.052901434394085e+03
1.199000000000000e+00	1.052901439770987e+03
1.200000000000000e+00	1.052901445132010e+03
1.201000000000000e+00	1.052901450477231e+03
1.202000000000000e+00	1.052901455806725e+03
1.203000000000000e+00	1.052901461120569e+03
1.204000000000000e+00	1.052901466418838e+03
1.205000000000000e+00	1.052901471701607e+03
1.206000000000000e+00	1.052901476968950e+03
1.207000000000000e+00	1.052901482220942e+03
1.208000000000000e+00	1.052901487457655e+03
1.209000000000000e+00	1.052901492679164e+03
1.210000000000000e+00	1.052901497885539e+03
1.211000000000000e+00	1.052901503076853e+03
1.212000000000000e+00	1.052901508253178e+03
1.213000000000000e+00	1.052901513414584e+03
1.214000000000000e+00	1.052901518561142e+03
1.215000000000000e+00	1.052901523692922e+03
1.216000000000000e+00	1.052901528809994e+03
1.217000000000000e+00	1.052901533912427e+03
1.218000000000000e+00	1.052901539000290e+03
1.219000000000000e+00	1.052901544073650e+03
1.220000000000000e+00	1.052901549132576e+03
1.221000000000000e+00	1.052901554177134e+03
1.222000000000000e+00	1.052901559207393e+03
1.223000000000000e+00	1.052901564223419e+03
1.224000000000000e+00	1.052901569225276e+03
1.225000000000000e+00	1.052901574213032e+03
1.226000000000000e+00	1.052901579186752e+03
1.227000000000000e+00	1.052901584146499e+03
1.228000000000000e+00	1.052901589092339e+03
1.229000000000000e+00	1.052901594024335e+03
1.230000000000000e+00	1.052901598942551e+03
1.231000000000000e+00	1.052901603847051e+03
1.232000000000000e+00	1.052901608737896e+03
1.233000000000000e+00	1.052901613615149e+03
1.234000000000000e+00	1.052901618478873e+03
1.235000000000000e+00	1.052901623329129e+03
1.236000000000000e+00	1.052901628165977e+03
1.237000000000000e+00	1.052901632989479e+03
1.238000000000000e+00	1.052901637799695e+03
1.239000000000000e+00	1.052901642596686e+03
1.240000000000000e+00	1.052901647380510e+03
1.241000000000000e+00	1.052901652151227e+03
1.242000000000000e+00	1.052901656908896e+03
1.243000000000000e+00	1.052901661653575e+03
1.244000000000000e+00	1.052901666385323e+03
1.245000000000000e+00	1.052901671104197e+03
1.246000000000000e+00	1.052901675810255e+03
1.247000000000000e+00	1.052901680503554e+03
1.248000000000000e+00	1.052901685184151e+03
1.249000000000000e+00	1.052901689852101e+03
1.250000000000000e+00	1.052901694507462e+03
1.251000000000000e+00	1.052901699150288e+03
1.252000000000000e+00	1.052901703780635e+03
1.253000000000000e+00	1.052901708398558e+03
1.254000000000000e+00	1.052901713004112e+03
1.255000000000000e+00	1.052901717597351e+03
1.256000000000000e+00	1.052901722178329e+03
1.257000000000000e+00	1.052901726747099e+03
1.258000000000000e+00	1.052901731303715e+03
1.259000000000000e+00	1.052901735848231e+03
1.260000000000000e+00	1.052901740380698e+03
1.261000000000000e+00	1.052901744901169e+03
1.262000000000000e+00	1.052901749409696e+03
1.263000000000000e+00	1.052901753906331e+03
1.264000000000000e+00	1.052901758391125e+03
1.265000000000000e+00	1.052901762864129e+03
1.266000000000000e+00	1.052901767325395e+03
1.267000000000000e+00	1.052901771774972e+03
1.268000000000000e+00	1.052901776212911e+03
1.269000000000000e+00	1.052901780639262e+03
1.270000000000000e+00	1.052901785054074e+03
1.271000000000000e+00	1.052901789457397e+03
1.272000000000000e+00	1.052901793849280e+03
1.273000000000000e+00	1.052901798229771e+03
1.274000000000000e+00	1.052901802598919e+03
1.275000000000000e+00	1.052901806956771e+03
1.276000000000000e+00	1.052901811303377e+03
1.277000000000000e+00	1.052901815638783e+03
1.278000000000000e+00	1.052901819963037e+03
1.279000000000000e+00	1.052901824276185e+03
1.280000000000000e+00	1.052901828578275e+03
1.281000000000000e+00	1.052901832869353e+03
1.282000000000000e+00	1.052901837149464e+03
1.283000000000000e+00	1.052901841418656e+03
1.284000000000000e+00	1.052901845676974e+03
1.285000000000000e+00	1.052901849924463e+03
1.286000000000000e+00	1.052901854161168e+03
1.287000000000000e+00	1.052901858387134e+03
1.288000000000000e+00	1.052901862602405e+03
1.289000000000000e+00	1.052901866807027e+03
1.290000000000000e+00	1.052901871001043e+03
1.291000000000000e+00	1.052901875184497e+03
1.292000000000000e+00	1.052901879357432e+03
1.293000000000000e+00	1.052901883519892e+03
1.294000000000000e+00	1.052901887671921e+03
1.295000000000000e+00	1.052901891813560e+03
1.296000000000000e+00	1.052901895944852e+03
1.297000000000000e+00	1.052901900065840e+03
1.298000000000000e+00	1.052901904176566e+03
1.299000000000000e+00	1.052901908277072e+03
1.300000000000000e+00	1.052901912367399e+03
1.301000000000000e+00	1.052901916447589e+03
1.302000000000000e+00	1.052901920517683e+03
1.303000000000000e+00	1.052901924577722e+03
1.304000000000000e+00	1.052901928627746e+03
1.305000000000000e+00	1.052901932667796e+03
1.306000000000000e+00	1.052901936697913e+03
1.307000000000000e+00	1.052901940718136e+03
1.308000000000000e+00	1.052901944728505e+03
1.309000000000000e+00	1.052901948729059e+03
1.310000000000000e+00	1.052901952719838e+03
1.311000000000000e+00	1.052901956700882e+03
1.312000000000000e+00	1.052901960672228e+03
1.313000000000000e+00	1.052901964633917e+03
1.314000000000000e+00	1.052901968585985e+03
1.315000000000000e+00	1.052901972528472e+03
1.316000000000000e+00	1.052901976461415e+03
1.317000000000000e+00	1.052901980384853e+03
1.318000000000000e+00	1.052901984298822e+03
1.319000000000000e+00	1.052901988203361e+03
1.320000000000000e+00	1.052901992098506e+03
1.321000000000000e+00	1.052901995984295e+03
1.322000000000000e+00	1.052901999860765e+03
1.323000000000000e+00	1.052902003727951e+03
1.324000000000000e+00	1.052902007585891e+03
1.325000000000000e+00	1.052902011434620e+03
1.326000000000000e+00	1.052902015274175e+03
1.327000000000000e+00	1.052902019104591e+03
1.328000000000000e+00	1.052902022925905e+03
1.329000000000000e+00	1.052902026738151e+03
1.330000000000000e+00	1.052902030541364e+03
1.331000000000000e+00	1.052902034335581e+03
1.332000000000000e+00	1.052902038120835e+03
1.333000000000000e+00	1.052902041897161e+03
1.334000000000000e+00	1.052902045664594e+03
1.335000000000000e+00	1.052902049423168e+03
1.336000000000000e+00	1.052902053172917e+03
1.337000000000000e+00	1.052902056913875e+03
1.338000000000000e+00	1.052902060646076e+03
1.339000000000000e+00	1.052902064369554e+03
1.340000000000000e+00	1.052902068084340e+03
1.341000000000000e+00	1.052902071790470e+03
1.342000000000000e+00	1.052902075487976e+03
1.343000000000000e+00	1.052902079176891e+03
1.344000000000000e+00	1.052902082857248e+03
1.345000000000000e+00	1.052902086529078e+03
1.346000000000000e+00	1.052902090192415e+03
1.347000000000000e+00	1.052902093847290e+03
1.348000000000000e+00	1.052902097493736e+03
1.349000000000000e+00	1.052902101131784e+03
1.350000000000000e+00	1.052902104761466e+03
1.351000000000000e+00	1.052902108382813e+03
1.352000000000000e+00	1.052902111995857e+03
1.353000000000000e+00	1.052902115600630e+03
1.354000000000000e+00	1.052902119197161e+03
1.355000000000000e+00	1.052902122785482e+03
1.356000000000000e+00	1.052902126365623e+03
1.357000000000000e+00	1.052902129937616e+03
1.358000000000000e+00	1.052902133501490e+03
1.359000000000000e+00	1.052902137057275e+03
1.360000000000000e+00	1.052902140605001e+03
1.361000000000000e+00	1.052902144144700e+03
1.362000000000000e+00	1.052902147676399e+03
1.363000000000000e+00	1.052902151200129e+03
1.364000000000000e+00	1.052902154715919e+03
1.365000000000000e+00	1.052902158223799e+03
1.366000000000000e+00	1.052902161723797e+03
1.367000000000000e+00	1.052902165215943e+03
1.368000000000000e+00	1.052902168700266e+03
1.369000000000000e+00	1.052902172176793e+03
1.370000000000000e+00	1.052902175645554e+03
1.371000000000000e+00	1.052902179106577e+03
1.372000000000000e+00	1.052902182559890e+03
1.373000000000000e+00	1.052902186005522e+03
1.374000000000000e+00	1.052902189443499e+03
1.375000000000000e+00	1.052902192873851e+03
1.376000000000000e+00	1.052902196296605e+03
1.377000000000000e+00	1.052902199711788e+03
1.378000000000000e+00	1.052902203119427e+03
1.379000000000000e+00	1.052902206519551e+03
1.380000000000000e+00	1.052902209912186e+03
1.381000000000000e+00	1.052902213297358e+03
1.382000000000000e+00	1.052902216675096e+03
1.383000000000000e+00	1.052902220045425e+03
1.384000000000000e+00	1.052902223408372e+03
1.385000000000000e+00	1.052902226763965e+03
1.386000000000000e+00	1.052902230112227e+03
1.387000000000000e+00	1.052902233453188e+03
1.388000000000000e+00	1.052902236786871e+03
1.389000000000000e+00	1.052902240113303e+03
1.390000000000000e+00	1.052902243432510e+03
1.391000000000000e+00	1.052902246744518e+03
1.392000000000000e+00	1.052902250049352e+03
1.393000000000000e+00	1.052902253347037e+03
1.394000000000000e+00	1.052902256637599e+03
1.395000000000000e+00	1.052902259921063e+03
1.396000000000000e+00	1.052902263197454e+03
1.397000000000000e+00	1.052902266466798e+03
1.398000000000000e+00	1.052902269729117e+03
1.399000000000000e+00	1.052902272984438e+03
1.400000000000000e+00	1.052902276232785e+03
1.401000000000000e+00	1.052902279474182e+03
1.402000000000000e+00	1.052902282708654e+03
1.403000000000000e+00	1.052902285936225e+03
1.404000000000000e+00	1.052902289156918e+03
1.405000000000000e+00	1.052902292370759e+03
1.406000000000000e+00	1.052902295577770e+03
1.407000000000000e+00	1.052902298777976e+03
1.408000000000000e+00	1.052902301971399e+03
1.409000000000000e+00	1.052902305158064e+03
1.410000000000000e+00	1.052902308337995e+03
1.411000000000000e+00	1.052902311511213e+03
1.412000000000000e+00	1.052902314677743e+03
1.413000000000000e+00	1.052902317837607e+03
1.414000000000000e+00	1.052902320990828e+03
1.415000000000000e+00	1.052902324137429e+03
1.416000000000000e+00	1.052902327277434e+03
1.417000000000000e+00	1.052902330410863e+03
1.418000000000000e+00	1.052902333537741e+03
1.419000000000000e+00	1.052902336658089e+03
1.420000000000000e+00	1.052902339771930e+03
1.421000000000000e+00	1.052902342879285e+03
1.422000000000000e+00	1.052902345980178e+03
1.423000000000000e+00	1.052902349074629e+03
1.424000000000000e+00	1.052902352162661e+03
1.425000000000000e+00	1.052902355244295e+03
1.426000000000000e+00	1.052902358319554e+03
1.427000000000000e+00	1.052902361388459e+03
1.428000000000000e+00	1.052902364451030e+03
1.429000000000000e+00	1.052902367507290e+03
1.430000000000000e+00	1.052902370557260e+03
1.431000000000000e+00	1.052902373600961e+03
1.432000000000000e+00	1.052902376638413e+03
1.433000000000000e+00	1.052902379669639e+03
1.434000000000000e+00	1.052902382694659e+03
1.435000000000000e+00	1.052902385713493e+03
1.436000000000000e+00	1.052902388726162e+03
1.437000000000000e+00	1.052902391732687e+03
1.438000000000000e+00	1.052902394733088e+03
1.439000000000000e+00	1.052902397727386e+03
1.440000000000000e+00	1.052902400715600e+03
1.441000000000000e+00	1.052902403697752e+03
1.442000000000000e+00	1.052902406673861e+03
1.443000000000000e+00	1.052902409643947e+03
1.444000000000000e+00	1.052902412608030e+03
1.445000000000000e+00	1.052902415566130e+03
1.446000000000000e+00	1.052902418518267e+03
1.447000000000000e+00	1.052902421464459e+03
1.448000000000000e+00	1.052902424404728e+03
1.449000000000000e+00	1.052902427339092e+03
1.450000000000000e+00	1.052902430267570e+03
1.451000000000000e+00	1.052902433190183e+03
1.452000000000000e+00	1.052902436106948e+03
1.453000000000000e+00	1.052902439017886e+03
1.454000000000000e+00	1.052902441923015e+03
1.455000000000000e+00	1.052902444822354e+03
1.456000000000000e+00	1.052902447715922e+03
1.457000000000000e+00	1.052902450603737e+03
1.458000000000000e+00	1.052902453485819e+03
1.459000000000000e+00	1.052902456362187e+03
1.460000000000000e+00	1.052902459232857e+03
1.461000000000000e+00	1.052902462097850e+03
1.462000000000000e+00	1.052902464957182e+03
1.463000000000000e+00	1.052902467810874e+03
1.464000000000000e+00	1.052902470658941e+03
1.465000000000000e+00	1.052902473501404e+03
1.466000000000000e+00	1.052902476338280e+03
1.467000000000000e+00	1.052902479169586e+03
1.468000000000000e+00	1.052902481995341e+03
1.469000000000000e+00	1.052902484815562e+03
1.470000000000000e+00	1.052902487630266e+03
1.471000000000000e+00	1.052902490439473e+03
1.472000000000000e+00	1.052902493243198e+03
1.473000000000000e+00	1.052902496041461e+03
1.474000000000000e+00	1.052902498834277e+03
1.475000000000000e+00	1.052902501621665e+03
1.476000000000000e+00	1.052902504403640e+03
1.477000000000000e+00	1.052902507180222e+03
1.478000000000000e+00	1.052902509951427e+03
1.479000000000000e+00	1.052902512717270e+03
1.480000000000000e+00	1.052902515477771e+03
1.481000000000000e+00	1.052902518232945e+03
1.482000000000000e+00	1.052902520982810e+03
1.483000000000000e+00	1.052902523727381e+03
1.484000000000000e+00	1.052902526466675e+03
1.485000000000000e+00	1.052902529200710e+03
1.486000000000000e+00	1.052902531929502e+03
1.487000000000000e+00	1.052902534653066e+03
1.488000000000000e+00	1.052902537371420e+03
1.489000000000000e+00	1.052902540084579e+03
1.490000000000000e+00	1.052902542792560e+03
1.491000000000000e+00	1.052902545495379e+03
1.492000000000000e+00	1.052902548193052e+03
1.493000000000000e+00	1.052902550885595e+03
1.494000000000000e+00	1.052902553573024e+03
1.495000000000000e+00	1.052902556255354e+03
1.496000000000000e+00	1.052902558932602e+03
1.497000000000000e+00	1.052902561604783e+03
1.498000000000000e+00	1.052902564271913e+03
1.499000000000000e+00	1.052902566934007e+03
1.500000000000000e+00	1.052902569591081e+03
1.501000000000000e+00	1.052902572243151e+03
1.502000000000000e+00	1.052902574890231e+03
1.503000000000000e+00	1.052902577532337e+03
1.504000000000000e+00	1.052902580169485e+03
1.505000000000000e+00	1.052902582801688e+03
1.506000000000000e+00	1.052902585428963e+03
1.507000000000000e+00	1.052902588051325e+03
1.508000000000000e+00	1.052902590668789e+03
1.509000000000000e+00	1.052902593281369e+03
1.510000000000000e+00	1.052902595889081e+03
1.511000000000000e+00	1.052902598491938e+03
1.512000000000000e+00	1.052902601089957e+03
1.513000000000000e+00	1.052902603683150e+03
1.514000000000000e+00	1.052902606271534e+03
1.515000000000000e+00	1.052902608855123e+03
1.516000000000000e+00	1.052902611433931e+03
1.517000000000000e+00	1.052902614007972e+03
1.518000000000000e+00	1.052902616577262e+03
1.519000000000000e+00	1.052902619141813e+03
1.520000000000000e+00	1.052902621701641e+03
1.521000000000000e+00	1.052902624256760e+03
1.522000000000000e+00	1.052902626807184e+03
1.523000000000000e+00	1.052902629352926e+03
1.524000000000000e+00	1.052902631894002e+03
1.525000000000000e+00	1.052902634430424e+03
1.526000000000000e+00	1.052902636962207e+03
1.527000000000000e+00	1.052902639489364e+03
1.528000000000000e+00	1.052902642011910e+03
1.529000000000000e+00	1.052902644529858e+03
1.530000000000000e+00	1.052902647043221e+03
1.531000000000000e+00	1.052902649552014e+03
1.532000000000000e+00	1.052902652056249e+03
1.533000000000000e+00	1.052902654555940e+03
1.534000000000000e+00	1.052902657051102e+03
1.535000000000000e+00	1.052902659541746e+03
1.536000000000000e+00	1.052902662027887e+03
1.537000000000000e+00	1.052902664509538e+03
1.538000000000000e+00	1.052902666986711e+03
1.539000000000000e+00	1.052902669459421e+03
1.540000000000000e+00	1.052902671927680e+03
1.541000000000000e+00	1.052902674391501e+03
1.542000000000000e+00	1.052902676850897e+03
1.543000000000000e+00	1.052902679305882e+03
1.544000000000000e+00	1.052902681756467e+03
1.545000000000000e+00	1.052902684202666e+03
1.546000000000000e+00	1.052902686644492e+03
1.547000000000000e+00	1.052902689081957e+03
1.548000000000000e+00	1.052902691515075e+03
1.549000000000000e+00	1.052902693943857e+03
1.550000000000000e+00	1.052902696368316e+03
1.551000000000000e+00	1.052902698788466e+03
1.552000000000000e+00	1.052902701204318e+03
1.553000000000000e+00	1.052902703615884e+03
1.554000000000000e+00	1.052902706023177e+03
1.555000000000000e+00	1.052902708426210e+03
1.556000000000000e+00	1.052902710824995e+03
1.557000000000000e+00	1.052902713219544e+03
1.558000000000000e+00	1.052902715609868e+03
1.559000000000000e+00	1.052902717995981e+03
1.560000000000000e+00	1.052902720377895e+03
1.561000000000000e+00	1.052902722755621e+03
1.562000000000000e+00	1.052902725129170e+03
1.563000000000000e+00	1.052902727498557e+03
1.564000000000000e+00	1.052902729863791e+03
1.565000000000000e+00	1.052902732224886e+03
1.566000000000000e+00	1.052902734581852e+03
1.567000000000000e+00	1.052902736934702e+03
1.568000000000000e+00	1.052902739283448e+03
1.569000000000000e+00	1.052902741628100e+03
1.570000000000000e+00	1.052902743968671e+03
1.571000000000000e+00	1.052902746305171e+03
1.572000000000000e+00	1.052902748637614e+03
1.573000000000000e+00	1.052902750966009e+03
1.574000000000000e+00	1.052902753290369e+03
1.575000000000000e+00	1.052902755610706e+03
1.576000000000000e+00	1.052902757927029e+03
1.577000000000000e+00	1.052902760239351e+03
1.578000000000000e+00	1.052902762547682e+03
1.579000000000000e+00	1.052902764852035e+03
1.580000000000000e+00	1.052902767152420e+03
1.581000000000000e+00	1.052902769448847e+03
1.582000000000000e+00	1.052902771741330e+03
1.583000000000000e+00	1.052902774029877e+03
1.584000000000000e+00	1.052902776314501e+03
1.585000000000000e+00	1.052902778595212e+03
1.586000000000000e+00	1.052902780872022e+03
1.587000000000000e+00	1.052902783144940e+03
1.588000000000000e+00	1.052902785413979e+03
1.589000000000000e+00	1.052902787679148e+03
1.590000000000000e+00	1.052902789940458e+03
1.591000000000000e+00	1.052902792197921e+03
1.592000000000000e+00	1.052902794451546e+03
1.593000000000000e+00	1.052902796701345e+03
1.594000000000000e+00	1.052902798947327e+03
1.595000000000000e+00	1.052902801189504e+03
1.596000000000000e+00	1.052902803427885e+03
1.597000000000000e+00	1.052902805662482e+03
1.598000000000000e+00	1.052902807893305e+03
1.599000000000000e+00	1.052902810120364e+03
1.600000000000000e+00	1.052902812343669e+03
1.601000000000000e+00	1.052902814563231e+03
1.602000000000000e+00	1.052902816779060e+03
1.603000000000000e+00	1.052902818991167e+03
1.604000000000000e+00	1.052902821199560e+03
1.605000000000000e+00	1.052902823404251e+03
1.606000000000000e+00	1.052902825605250e+03
1.607000000000000e+00	1.052902827802567e+03
1.608000000000000e+00	1.052902829996211e+03
1.609000000000000e+00	1.052902832186192e+03
1.610000000000000e+00	1.052902834372522e+03
1.611000000000000e+00	1.052902836555208e+03
1.612000000000000e+00	1.052902838734262e+03
1.613000000000000e+00	1.052902840909693e+03
1.614000000000000e+00	1.052902843081511e+03
1.615000000000000e+00	1.052902845249726e+03
1.616000000000000e+00	1.052902847414347e+03
1.617000000000000e+00	1.052902849575384e+03
1.618000000000000e+00	1.052902851732847e+03
1.619000000000000e+00	1.052902853886745e+03
1.620000000000000e+00	1.052902856037089e+03
1.621000000000000e+00	1.052902858183886e+03
1.622000000000000e+00	1.052902860327148e+03
1.623000000000000e+00	1.052902862466883e+03
1.624000000000000e+00	1.052902864603101e+03
1.625000000000000e+00	1.052902866735811e+03
1.626000000000000e+00	1.052902868865022e+03
1.627000000000000e+00	1.052902870990745e+03
1.628000000000000e+00	1.052902873112988e+03
1.629000000000000e+00	1.052902875231760e+03
1.630000000000000e+00	1.052902877347071e+03
1.631000000000000e+00	1.052902879458929e+03
1.632000000000000e+00	1.052902881567345e+03
1.633000000000000e+00	1.052902883672327e+03
1.634000000000000e+00	1.052902885773884e+03
1.635000000000000e+00	1.052902887872025e+03
1.636000000000000e+00	1.052902889966759e+03
1.637000000000000e+00	1.052902892058096e+03
1.638000000000000e+00	1.052902894146044e+03
1.639000000000000e+00	1.052902896230612e+03
1.640000000000000e+00	1.052902898311809e+03
1.641000000000000e+00	1.052902900389645e+03
1.642000000000000e+00	1.052902902464127e+03
1.643000000000000e+00	1.052902904535264e+03
1.644000000000000e+00	1.052902906603065e+03
1.645000000000000e+00	1.052902908667540e+03
1.646000000000000e+00	1.052902910728696e+03
1.647000000000000e+00	1.052902912786542e+03
1.648000000000000e+00	1.052902914841087e+03
1.649000000000000e+00	1.052902916892339e+03
1.650000000000000e+00	1.052902918940308e+03
1.651000000000000e+00	1.052902920985002e+03
1.652000000000000e+00	1.052902923026428e+03
1.653000000000000e+00	1.052902925064596e+03
1.654000000000000e+00	1.052902927099514e+03
1.655000000000000e+00	1.052902929131191e+03
1.656000000000000e+00	1.052902931159634e+03
1.657000000000000e+00	1.052902933184853e+03
1.658000000000000e+00	1.052902935206855e+03
1.659000000000000e+00	1.052902937225649e+03
1.660000000000000e+00	1.052902939241243e+03
1.661000000000000e+00	1.052902941253645e+03
1.662000000000000e+00	1.052902943262863e+03
1.663000000000000e+00	1.052902945268907e+03
1.664000000000000e+00	1.052902947271783e+03
1.665000000000000e+00	1.052902949271499e+03
1.666000000000000e+00	1.052902951268065e+03
1.667000000000000e+00	1.052902953261488e+03
1.668000000000000e+00	1.052902955251777e+03
1.669000000000000e+00	1.052902957238938e+03
1.670000000000000e+00	1.052902959222980e+03
1.671000000000000e+00	1.052902961203911e+03
1.672000000000000e+00	1.052902963181739e+03
1.673000000000000e+00	1.052902965156472e+03
1.674000000000000e+00	1.052902967128117e+03
1.675000000000000e+00	1.052902969096683e+03
1.676000000000000e+00	1.052902971062177e+03
1.677000000000000e+00	1.052902973024607e+03
1.678000000000000e+00	1.052902974983981e+03
1.679000000000000e+00	1.052902976940307e+03
1.680000000000000e+00	1.052902978893591e+03
1.681000000000000e+00	1.052902980843843e+03
1.682000000000000e+00	1.052902982791069e+03
1.683000000000000e+00	1.052902984735277e+03
1.684000000000000e+00	1.052902986676474e+03
1.685000000000000e+00	1.052902988614669e+03
1.686000000000000e+00	1.052902990549869e+03
1.687000000000000e+00	1.052902992482081e+03
1.688000000000000e+00	1.052902994411313e+03
1.689000000000000e+00	1.052902996337572e+03
1.690000000000000e+00	1.052902998260865e+03
1.691000000000000e+00	1.052903000181201e+03
1.692000000000000e+00	1.052903002098586e+03
1.693000000000000e+00	1.052903004013028e+03
1.694000000000000e+00	1.052903005924534e+03
1.695000000000000e+00	1.052903007833111e+03
1.696000000000000e+00	1.052903009738767e+03
1.697000000000000e+00	1.052903011641508e+03
1.698000000000000e+00	1.052903013541343e+03
1.699000000000000e+00	1.052903015438278e+03
1.700000000000000e+00	1.052903017332321e+03
1.701000000000000e+00	1.052903019223478e+03
1.702000000000000e+00	1.052903021111757e+03
1.703000000000000e+00	1.052903022997165e+03
1.704000000000000e+00	1.052903024879708e+03
1.705000000000000e+00	1.052903026759395e+03
1.706000000000000e+00	1.052903028636232e+03
1.707000000000000e+00	1.052903030510225e+03
1.708000000000000e+00	1.052903032381383e+03
1.709000000000000e+00	1.052903034249712e+03
1.710000000000000e+00	1.052903036115218e+03
1.711000000000000e+00	1.052903037977909e+03
1.712000000000000e+00	1.052903039837792e+03
1.713000000000000e+00	1.052903041694873e+03
1.714000000000000e+00	1.052903043549160e+03
1.715000000000000e+00	1.052903045400658e+03
1.716000000000000e+00	1.052903047249376e+03
1.717000000000000e+00	1.052903049095319e+03
1.718000000000000e+00	1.052903050938495e+03
1.719000000000000e+00	1.052903052778910e+03
1.720000000000000e+00	1.052903054616571e+03
1.721000000000000e+00	1.052903056451484e+03
1.722000000000000e+00	1.052903058283656e+03
1.723000000000000e+00	1.052903060113095e+03
1.724000000000000e+00	1.052903061939805e+03
1.725000000000000e+00	1.052903063763795e+03
1.726000000000000e+00	1.052903065585070e+03
1.727000000000000e+00	1.052903067403637e+03
1.728000000000000e+00	1.052903069219503e+03
1.729000000000000e+00	1.052903071032674e+03
1.730000000000000e+00	1.052903072843156e+03
1.731000000000000e+00	1.052903074650957e+03
1.732000000000000e+00	1.052903076456082e+03
1.733000000000000e+00	1.052903078258537e+03
1.734000000000000e+00	1.052903080058330e+03
1.735000000000000e+00	1.052903081855467e+03
1.736000000000000e+00	1.052903083649954e+03
1.737000000000000e+00	1.052903085441797e+03
1.738000000000000e+00	1.052903087231002e+03
1.739000000000000e+00	1.052903089017577e+03
1.740000000000000e+00	1.052903090801526e+03
1.741000000000000e+00	1.052903092582857e+03
1.742000000000000e+00	1.052903094361575e+03
1.743000000000000e+00	1.052903096137688e+03
1.744000000000000e+00	1.052903097911200e+03
1.745000000000000e+00	1.052903099682118e+03
1.746000000000000e+00	1.052903101450449e+03
1.747000000000000e+00	1.052903103216198e+03
1.748000000000000e+00	1.052903104979371e+03
1.749000000000000e+00	1.052903106739976e+03
1.750000000000000e+00	1.052903108498016e+03
1.751000000000000e+00	1.052903110253500e+03
1.752000000000000e+00	1.052903112006431e+03
1.753000000000000e+00	1.052903113756818e+03
1.754000000000000e+00	1.052903115504665e+03
1.755000000000000e+00	1.052903117249979e+03
1.756000000000000e+00	1.052903118992765e+03
1.757000000000000e+00	1.052903120733029e+03
1.758000000000000e+00	1.052903122470778e+03
1.759000000000000e+00	1.052903124206018e+03
1.760000000000000e+00	1.052903125938753e+03
1.761000000000000e+00	1.052903127668990e+03
1.762000000000000e+00	1.052903129396735e+03
1.763000000000000e+00	1.052903131121994e+03
1.764000000000000e+00	1.052903132844771e+03
1.765000000000000e+00	1.052903134565074e+03
1.766000000000000e+00	1.052903136282908e+03
1.767000000000000e+00	1.052903137998278e+03
1.768000000000000e+00	1.052903139711191e+03
1.769000000000000e+00	1.052903141421652e+03
1.770000000000000e+00	1.052903143129666e+03
1.771000000000000e+00	1.052903144835240e+03
1.772000000000000e+00	1.052903146538378e+03
1.773000000000000e+00	1.052903148239087e+03
1.774000000000000e+00	1.052903149937373e+03
1.775000000000000e+00	1.052903151633239e+03
1.776000000000000e+00	1.052903153326694e+03
1.777000000000000e+00	1.052903155017741e+03
1.778000000000000e+00	1.052903156706386e+03
1.779000000000000e+00	1.052903158392636e+03
1.780000000000000e+00	1.052903160076494e+03
1.781000000000000e+00	1.052903161757968e+03
1.782000000000000e+00	1.052903163437062e+03
1.783000000000000e+00	1.052903165113781e+03
1.784000000000000e+00	1.052903166788132e+03
1.785000000000000e+00	1.052903168460119e+03
1.786000000000000e+00	1.052903170129749e+03
1.787000000000000e+00	1.052903171797025e+03
1.788000000000000e+00	1.052903173461955e+03
1.789000000000000e+00	1.052903175124542e+03
1.790000000000000e+00	1.052903176784793e+03
1.791000000000000e+00	1.052903178442712e+03
1.792000000000000e+00	1.052903180098305e+03
1.793000000000000e+00	1.052903181751577e+03
1.794000000000000e+00	1.052903183402534e+03
1.795000000000000e+00	1.052903185051180e+03
1.796000000000000e+00	1.052903186697522e+03
1.797000000000000e+00	1.052903188341563e+03
1.798000000000000e+00	1.052903189983310e+03
1.799000000000000e+00	1.052903191622767e+03
1.800000000000000e+00	1.052903193259940e+03
1.801000000000000e+00	1.052903194894834e+03
1.802000000000000e+00	1.052903196527453e+03
1.803000000000000e+00	1.052903198157804e+03
1.804000000000000e+00	1.052903199785890e+03
1.805000000000000e+00	1.052903201411718e+03
1.806000000000000e+00	1.052903203035292e+03
1.807000000000000e+00	1.052903204656617e+03
1.808000000000000e+00	1.052903206275698e+03
1.809000000000000e+00	1.052903207892541e+03
1.810000000000000e+00	1.052903209507150e+03
1.811000000000000e+00	1.052903211119530e+03
1.812000000000000e+00	1.052903212729686e+03
1.813000000000000e+00	1.052903214337624e+03
1.814000000000000e+00	1.052903215943348e+03
1.815000000000000e+00	1.052903217546862e+03
1.816000000000000e+00	1.052903219148173e+03
1.817000000000000e+00	1.052903220747284e+03
1.818000000000000e+00	1.052903222344202e+03
1.819000000000000e+00	1.052903223938929e+03
1.820000000000000e+00	1.052903225531472e+03
1.821000000000000e+00	1.052903227121835e+03
1.822000000000000e+00	1.052903228710023e+03
1.823000000000000e+00	1.052903230296041e+03
1.824000000000000e+00	1.052903231879894e+03
1.825000000000000e+00	1.052903233461586e+03
1.826000000000000e+00	1.052903235041122e+03
1.827000000000000e+00	1.052903236618507e+03
1.828000000000000e+00	1.052903238193745e+03
1.829000000000000e+00	1.052903239766842e+03
1.830000000000000e+00	1.052903241337802e+03
1.831000000000000e+00	1.052903242906629e+03
1.832000000000000e+00	1.052903244473329e+03
1.833000000000000e+00	1.052903246037905e+03
1.834000000000000e+00	1.052903247600364e+03
1.835000000000000e+00	1.052903249160708e+03
1.836000000000000e+00	1.052903250718944e+03
1.837000000000000e+00	1.052903252275074e+03
1.838000000000000e+00	1.052903253829105e+03
1.839000000000000e+00	1.052903255381040e+03
1.840000000000000e+00	1.052903256930884e+03
1.841000000000000e+00	1.052903258478642e+03
1.842000000000000e+00	1.052903260024319e+03
1.843000000000000e+00	1.052903261567918e+03
1.844000000000000e+00	1.052903263109444e+03
1.845000000000000e+00	1.052903264648902e+03
1.846000000000000e+00	1.052903266186296e+03
1.847000000000000e+00	1.052903267721631e+03
1.848000000000000e+00	1.052903269254910e+03
1.849000000000000e+00	1.052903270786140e+03
1.850000000000000e+00	1.052903272315323e+03
1.851000000000000e+00	1.052903273842465e+03
1.852000000000000e+00	1.052903275367569e+03
1.853000000000000e+00	1.052903276890640e+03
1.854000000000000e+00	1.052903278411683e+03
1.855000000000000e+00	1.052903279930702e+03
1.856000000000000e+00	1.052903281447700e+03
1.857000000000000e+00	1.052903282962684e+03
1.858000000000000e+00	1.052903284475655e+03
1.859000000000000e+00	1.052903285986620e+03
1.860000000000000e+00	1.052903287495583e+03
1.861000000000000e+00	1.052903289002547e+03
1.862000000000000e+00	1.052903290507517e+03
1.863000000000000e+00	1.052903292010497e+03
1.864000000000000e+00	1.052903293511491e+03
1.865000000000000e+00	1.052903295010505e+03
1.866000000000000e+00	1.052903296507540e+03
1.867000000000000e+00	1.052903298002603e+03
1.868000000000000e+00	1.052903299495697e+03
1.869000000000000e+00	1.052903300986826e+03
1.870000000000000e+00	1.052903302475995e+03
1.871000000000000e+00	1.052903303963208e+03
1.872000000000000e+00	1.052903305448468e+03
1.873000000000000e+00	1.052903306931781e+03
1.874000000000000e+00	1.052903308413149e+03
1.875000000000000e+00	1.052903309892578e+03
1.876000000000000e+00	1.052903311370070e+03
1.877000000000000e+00	1.052903312845631e+03
1.878000000000000e+00	1.052903314319265e+03
1.879000000000000e+00	1.052903315790975e+03
1.880000000000000e+00	1.052903317260765e+03
1.881000000000000e+00	1.052903318728640e+03
1.882000000000000e+00	1.052903320194603e+03
1.883000000000000e+00	1.052903321658659e+03
1.884000000000000e+00	1.052903323120811e+03
1.885000000000000e+00	1.052903324581064e+03
1.886000000000000e+00	1.052903326039421e+03
1.887000000000000e+00	1.052903327495887e+03
1.888000000000000e+00	1.052903328950465e+03
1.889000000000000e+00	1.052903330403159e+03
1.890000000000000e+00	1.052903331853974e+03
1.891000000000000e+00	1.052903333302912e+03
1.892000000000000e+00	1.052903334749979e+03
1.893000000000000e+00	1.052903336195178e+03
1.894000000000000e+00	1.052903337638512e+03
1.895000000000000e+00	1.052903339079986e+03
1.896000000000000e+00	1.052903340519604e+03
1.897000000000000e+00	1.052903341957369e+03
1.898000000000000e+00	1.052903343393285e+03
1.899000000000000e+00	1.052903344827356e+03
1.900000000000000e+00	1.052903346259586e+03
1.901000000000000e+00	1.052903347689978e+03
1.902000000000000e+00	1.052903349118537e+03
1.903000000000000e+00	1.052903350545266e+03
1.904000000000000e+00	1.052903351970169e+03
1.905000000000000e+00	1.052903353393250e+03
1.906000000000000e+00	1.052903354814512e+03
1.907000000000000e+00	1.052903356233959e+03
1.908000000000000e+00	1.052903357651595e+03
1.909000000000000e+00	1.052903359067424e+03
1.910000000000000e+00	1.052903360481449e+03
1.911000000000000e+00	1.052903361893674e+03
1.912000000000000e+00	1.052903363304103e+03
1.913000000000000e+00	1.052903364712739e+03
1.914000000000000e+00	1.052903366119586e+03
1.915000000000000e+00	1.052903367524648e+03
1.916000000000000e+00	1.052903368927928e+03
1.917000000000000e+00	1.052903370329430e+03
1.918000000000000e+00	1.052903371729158e+03
1.919000000000000e+00	1.052903373127114e+03
1.920000000000000e+00	1.052903374523304e+03
1.921000000000000e+00	1.052903375917730e+03
1.922000000000000e+00	1.052903377310396e+03
1.923000000000000e+00	1.052903378701305e+03
1.924000000000000e+00	1.052903380090461e+03
1.925000000000000e+00	1.052903381477869e+03
1.926000000000000e+00	1.052903382863529e+03
1.927000000000000e+00	1.052903384247448e+03
1.928000000000000e+00	1.052903385629628e+03
1.929000000000000e+00	1.052903387010072e+03
1.930000000000000e+00	1.052903388388785e+03
1.931000000000000e+00	1.052903389765770e+03
1.932000000000000e+00	1.052903391141029e+03
1.933000000000000e+00	1.052903392514567e+03
1.934000000000000e+00	1.052903393886388e+03
1.935000000000000e+00	1.052903395256493e+03
1.936000000000000e+00	1.052903396624888e+03
1.937000000000000e+00	1.052903397991575e+03
1.938000000000000e+00	1.052903399356558e+03
1.939000000000000e+00	1.052903400719840e+03
1.940000000000000e+00	1.052903402081424e+03
1.941000000000000e+00	1.052903403441315e+03
1.942000000000000e+00	1.052903404799515e+03
1.943000000000000e+00	1.052903406156028e+03
1.944000000000000e+00	1.052903407510857e+03
1.945000000000000e+00	1.052903408864005e+03
1.946000000000000e+00	1.052903410215476e+03
1.947000000000000e+00	1.052903411565274e+03
1.948000000000000e+00	1.052903412913401e+03
1.949000000000000e+00	1.052903414259860e+03
1.950000000000000e+00	1.052903415604656e+03
1.951000000000000e+00	1.052903416947791e+03
1.952000000000000e+00	1.052903418289269e+03
1.953000000000000e+00	1.052903419629093e+03
1.954000000000000e+00	1.052903420967266e+03
1.955000000000000e+00	1.052903422303791e+03
1.956000000000000e+00	1.052903423638672e+03
1.957000000000000e+00	1.052903424971913e+03
1.958000000000000e+00	1.052903426303515e+03
1.959000000000000e+00	1.052903427633483e+03
1.960000000000000e+00	1.052903428961819e+03
1.961000000000000e+00	1.052903430288527e+03
1.962000000000000e+00	1.052903431613611e+03
1.963000000000000e+00	1.052903432937073e+03
1.964000000000000e+00	1.052903434258916e+03
1.965000000000000e+00	1.052903435579144e+03
1.966000000000000e+00	1.052903436897759e+03
1.967000000000000e+00	1.052903438214765e+03
1.968000000000000e+00	1.052903439530166e+03
1.969000000000000e+00	1.052903440843963e+03
1.970000000000000e+00	1.052903442156161e+03
1.971000000000000e+00	1.052903443466763e+03
1.972000000000000e+00	1.052903444775771e+03
1.973000000000000e+00	1.052903446083189e+03
1.974000000000000e+00	1.052903447389019e+03
1.975000000000000e+00	1.052903448693266e+03
1.976000000000000e+00	1.052903449995931e+03
1.977000000000000e+00	1.052903451297018e+03
1.978000000000000e+00	1.052903452596531e+03
1.979000000000000e+00	1.052903453894471e+03
1.980000000000000e+00	1.052903455190843e+03
1.981000000000000e+00	1.052903456485649e+03
1.982000000000000e+00	1.052903457778892e+03
1.983000000000000e+00	1.052903459070575e+03
1.984000000000000e+00	1.052903460360701e+03
1.985000000000000e+00	1.052903461649274e+03
1.986000000000000e+00	1.052903462936296e+03
1.987000000000000e+00	1.052903464221770e+03
1.988000000000000e+00	1.052903465505700e+03
1.989000000000000e+00	1.052903466788087e+03
1.990000000000000e+00	1.052903468068936e+03
1.991000000000000e+00	1.052903469348249e+03
1.992000000000000e+00	1.052903470626029e+03
1.993000000000000e+00	1.052903471902279e+03
1.994000000000000e+00	1.052903473177002e+03
1.995000000000000e+00	1.052903474450201e+03
1.996000000000000e+00	1.052903475721879e+03
1.997000000000000e+00	1.052903476992038e+03
1.998000000000000e+00	1.052903478260682e+03
1.999000000000000e+00	1.052903479527813e+03
2.000000000000000e+00	1.052903480793435e+03
