     4446.6754864169288339
    -1136.0119855809975888
    -1136.0119855809975888
    -1136.0119855809975888
    -1136.0119855809975888
    -1136.0119855809975888
    -1136.0119855809975888
    -1136.0119855809975888
    -1136.0119855809975888
    -1136.0119855809989531
    -1136.0119855809989531
    -1136.0119855809989531
    -1136.0119855809989531
    -1136.0119855809989531
    -1136.0119855809989531
    -1136.0119855809989531
    -1136.0119855809989531
    -1136.0119855809989531
    -1136.0119855809989531
    -1136.0119855809989531
    -1136.0119855809989531
    -1136.0119855809980436
    -1136.0119855809980436
    -1136.0119855809989531
    -1136.0119855809989531
    -1136.0119855809989531
    -1136.0119855809989531
        0.9342599875578325
       52.4106922037682779
      409.1742133666519408
      409.1742133666519408
       52.4106922037682779
        0.9342599875578325
       47.3338327325416088
       47.3338327325416088
       47.3338327325416088
       47.3338327325416088
        0.9342599875578325
       52.4106922037682779
      409.1742133666519408
      409.1742133666519408
       52.4106922037682779
        0.9342599875578325
       47.3338327325416088
       47.3338327325416088
       47.3338327325416088
       47.3338327325416088
       47.3338327325416088
       47.3338327325416088
       47.3338327325416088
       47.3338327325416088
        0.9342599875578325
       52.4106922037682779
      409.1742133666519408
      409.1742133666519408
       52.4106922037682779
        0.9342599875578325
       47.3338327325416088
       47.3338327325416088
       47.3338327325416088
       47.3338327325416088
       47.3338327325416088
       47.3338327325416088
       47.3338327325416088
       47.3338327325416088
       47.3338327325416088
       47.3338327325416088
       47.3338327325416088
       47.3338327325416088
        0.9342599875578325
       52.4106922037682779
      409.1742133666519408
      409.1742133666519408
       52.4106922037682779
        0.9342599875578325
       47.3338327325416088
       47.3338327325416088
       47.3338327325416088
       47.3338327325416088
       47.3338327325416088
       47.3338327325416088
       47.3338327325416088
       47.3338327325416088
       47.3338327325416088
       47.3338327325416088
       47.3338327325416088
       47.3338327325416088
       47.3338327325416088
       47.3338327325416088
       47.3338327325416088
       47.3338327325416088
        0.9342599875578329
       52.4106922037682779
      409.1742133666519408
      409.1742133666519408
       52.4106922037682779
        0.9342599875578329
       47.3338327325416088
       47.3338327325416088
       47.3338327325416088
       47.3338327325416088
       47.3338327325416088
       47.3338327325416088
       47.3338327325416088
       47.3338327325416088
       47.3338327325416088
       47.3338327325416088
       47.3338327325416088
       47.3338327325416088
       47.3338327325416088
       47.3338327325416088
       47.3338327325416088
       47.3338327325416088
       47.3338327325416088
       47.3338327325416088
       47.3338327325416088
       47.3338327325416088
        0.9342599875578329
       52.4106922037682850
      409.1742133666519408
      409.1742133666519408
       52.4106922037682850
        0.9342599875578329
       47.3338327325416088
       47.3338327325416088
       47.3338327325416088
       47.3338327325416088
       47.3338327325416088
       47.3338327325416088
       47.3338327325416088
       47.3338327325416088
       47.3338327325416088
       47.3338327325416088
       47.3338327325416088
       47.3338327325416088
       47.3338327325416088
       47.3338327325416088
       47.3338327325416088
       47.3338327325416088
       47.3338327325416088
       47.3338327325416088
       47.3338327325416088
       47.3338327325416088
       47.3338327325416088
       47.3338327325416088
       47.3338327325416088
       47.3338327325416088
        0.9342599875578327
       52.4106922037682850
      409.1742133666519408
      409.1742133666519408
       52.4106922037682850
        0.9342599875578327
       47.3338327325416088
       47.3338327325416088
       47.3338327325416088
       47.3338327325416088
       47.3338327325416088
       47.3338327325416088
       47.3338327325416088
       47.3338327325416088
       47.3338327325416088
       47.3338327325416088
       47.3338327325416088
       47.3338327325416088
       47.3338327325416088
       47.3338327325416088
       47.3338327325416088
       47.3338327325416088
       47.3338327325416088
       47.3338327325416088
       47.3338327325416088
       47.3338327325416088
       47.3338327325416088
       47.3338327325416088
       47.3338327325416088
       47.3338327325416088
       47.3338327325416159
       47.3338327325416159
       47.3338327325416159
       47.3338327325416159
        0.9342599875578325
       52.4106922037682850
      409.1742133666519408
      409.1742133666519408
       52.4106922037682850
        0.9342599875578325
       47.3338327325416088
       47.3338327325416088
       47.3338327325416088
       47.3338327325416088
       47.3338327325416088
       47.3338327325416088
       47.3338327325416088
       47.3338327325416088
       47.3338327325416088
       47.3338327325416088
       47.3338327325416088
       47.3338327325416088
       47.3338327325416088
       47.3338327325416088
       47.3338327325416088
       47.3338327325416088
       47.3338327325416088
       47.3338327325416088
       47.3338327325416088
       47.3338327325416088
       47.3338327325416088
       47.3338327325416088
       47.3338327325416088
       47.3338327325416088
       47.3338327325416088
       47.3338327325416088
       47.3338327325416088
       47.3338327325416088
       47.3338327325416088
       47.3338327325416088
       47.3338327325416088
       47.3338327325416088
        0.9342599875578325
       52.4106922037682850
      409.1742133666519408
      409.1742133666519408
       52.4106922037682850
        0.9342599875578325
       47.3338327325416088
       47.3338327325416088
       47.3338327325416088
       47.3338327325416088
       47.3338327325416088
       47.3338327325416088
       47.3338327325416088
       47.3338327325416088
       47.3338327325416088
       47.3338327325416088
       47.3338327325416088
       47.3338327325416088
       47.3338327325416088
       47.3338327325416088
       47.3338327325416088
       47.3338327325416088
       47.3338327325416088
       47.3338327325416088
       47.3338327325416088
       47.3338327325416088
       47.3338327325416088
       47.3338327325416088
       47.3338327325416088
       47.3338327325416088
       47.3338327325416088
       47.3338327325416088
       47.3338327325416088
       47.3338327325416088
       47.3338327325416088
       47.3338327325416088
       47.3338327325416088
       47.3338327325416088
       47.3338327325416088
       47.3338327325416088
       47.3338327325416088
       47.3338327325416088
        0.9342599875578327
       52.4106922037682850
      409.1742133666519408
      409.1742133666519408
       52.4106922037682850
        0.9342599875578327
       47.3338327325416088
       47.3338327325416088
       47.3338327325416088
       47.3338327325416088
       47.3338327325416088
       47.3338327325416088
       47.3338327325416088
       47.3338327325416088
       47.3338327325416088
       47.3338327325416088
       47.3338327325416088
       47.3338327325416088
       47.3338327325416088
       47.3338327325416088
       47.3338327325416088
       47.3338327325416088
       47.3338327325416159
       47.3338327325416159
       47.3338327325416159
       47.3338327325416159
       47.3338327325416159
       47.3338327325416159
       47.3338327325416159
       47.3338327325416159
       47.3338327325416159
       47.3338327325416159
       47.3338327325416159
       47.3338327325416159
       47.3338327325416159
       47.3338327325416159
       47.3338327325416159
       47.3338327325416159
       47.3338327325416159
       47.3338327325416159
       47.3338327325416159
       47.3338327325416159
       47.3338327325416159
       47.3338327325416159
       47.3338327325416159
       47.3338327325416159
        0.9342599875578327
       52.4106922037682850
      409.1742133666519408
      409.1742133666519408
       52.4106922037682850
        0.9342599875578327
       47.3338327325416088
       47.3338327325416088
       47.3338327325416088
       47.3338327325416088
       47.3338327325416088
       47.3338327325416088
       47.3338327325416088
       47.3338327325416088
       47.3338327325416088
       47.3338327325416088
       47.3338327325416088
       47.3338327325416088
       47.3338327325416088
       47.3338327325416088
       47.3338327325416088
       47.3338327325416088
       47.3338327325416230
       47.3338327325416230
       47.3338327325416230
       47.3338327325416230
       47.3338327325416230
       47.3338327325416230
       47.3338327325416230
       47.3338327325416230
       47.3338327325416230
       47.3338327325416230
       47.3338327325416230
       47.3338327325416230
       47.3338327325416230
       47.3338327325416230
       47.3338327325416230
       47.3338327325416230
       47.3338327325416230
       47.3338327325416230
       47.3338327325416230
       47.3338327325416230
       47.3338327325416230
       47.3338327325416230
       47.3338327325416230
       47.3338327325416230
       47.3338327325416088
       47.3338327325416088
       47.3338327325416088
       47.3338327325416088
        0.9342599875578327
       52.4106922037682992
      409.1742133666519408
      409.1742133666519408
       52.4106922037682992
        0.9342599875578327
       47.3338327325416088
       47.3338327325416088
       47.3338327325416088
       47.3338327325416088
       47.3338327325416088
       47.3338327325416088
       47.3338327325416088
       47.3338327325416088
       47.3338327325416088
       47.3338327325416088
       47.3338327325416088
       47.3338327325416088
       47.3338327325416088
       47.3338327325416088
       47.3338327325416088
       47.3338327325416088
       47.3338327325416230
       47.3338327325416230
       47.3338327325416230
       47.3338327325416230
       47.3338327325416230
       47.3338327325416230
       47.3338327325416230
       47.3338327325416230
       47.3338327325416230
       47.3338327325416230
       47.3338327325416230
       47.3338327325416230
       47.3338327325416230
       47.3338327325416230
       47.3338327325416230
       47.3338327325416230
       47.3338327325416230
       47.3338327325416230
       47.3338327325416230
       47.3338327325416230
       47.3338327325416230
       47.3338327325416230
       47.3338327325416230
       47.3338327325416230
       47.3338327325416159
       47.3338327325416159
       47.3338327325416159
       47.3338327325416159
       47.3338327325416230
       47.3338327325416230
       47.3338327325416230
       47.3338327325416230
        0.9342599875578327
       52.4106922037682992
      409.1742133666519408
      409.1742133666519408
       52.4106922037682992
        0.9342599875578327
