        0.0001153402537486
        0.0001153402537486
        0.0001153402537486
        0.0001153402537486
        0.0001153402537486
        0.0001153402537486
        0.0001153402537486
        0.0001153402537486
        0.0001153402537486
        0.0001153402537486
        0.0001153402537486
        0.0001153402537486
        0.0001153402537486
        0.0001153402537486
        0.0001153402537486
        0.0001153402537486
        0.0001153402537486
        0.0010990794952119
        0.0010990794952119
        0.0010990794952119
        0.0010990794952119
        0.0010990794952119
        0.0010990794952119
        0.0010990794952119
        0.0010990794952119
        0.0010990794952119
        0.0010990794952119
        0.0010990794952119
        0.0010990794952119
        0.0010990794952119
        0.0010990794952119
        0.0010990794952119
        0.0010990794952119
        0.0010990794952119
        0.0022200685747986
        0.0022200685747986
        0.0022200685747986
        0.0022200685747986
        0.0022200685747986
        0.0022200685747986
        0.0022200685747986
        0.0022200685747986
        0.0022200685747986
        0.0022200685747986
        0.0022200685747986
        0.0022200685747986
        0.0022200685747986
        0.0022200685747986
        0.0022200685747986
        0.0022200685747986
        0.0022200685747986
        0.0032031044877027
        0.0032031044877027
        0.0032031044877027
        0.0032031044877027
        0.0032031044877027
        0.0032031044877027
        0.0032031044877027
        0.0032031044877027
        0.0032031044877027
        0.0032031044877027
        0.0032031044877027
        0.0032031044877027
        0.0032031044877027
        0.0032031044877027
        0.0032031044877027
        0.0032031044877027
        0.0032031044877027
        0.0040869549520068
        0.0040869549520068
        0.0040869549520068
        0.0040869549520068
        0.0040869549520068
        0.0040869549520068
        0.0040869549520068
        0.0040869549520068
        0.0040869549520068
        0.0040869549520068
        0.0040869549520068
        0.0040869549520068
        0.0040869549520068
        0.0040869549520068
        0.0040869549520068
        0.0040869549520068
        0.0040869549520068
        0.0047991960082854
        0.0047991960082854
        0.0047991960082854
        0.0047991960082854
        0.0047991960082854
        0.0047991960082854
        0.0047991960082854
        0.0047991960082854
        0.0047991960082854
        0.0047991960082854
        0.0047991960082854
        0.0047991960082854
        0.0047991960082854
        0.0047991960082854
        0.0047991960082854
        0.0047991960082854
        0.0047991960082854
        0.0053374642422498
        0.0053374642422498
        0.0053374642422498
        0.0053374642422498
        0.0053374642422498
        0.0053374642422498
        0.0053374642422498
        0.0053374642422498
        0.0053374642422498
        0.0053374642422498
        0.0053374642422498
        0.0053374642422498
        0.0053374642422498
        0.0053374642422498
        0.0053374642422498
        0.0053374642422498
        0.0053374642422498
        0.0056621724886155
        0.0056621724886155
        0.0056621724886155
        0.0056621724886155
        0.0056621724886155
        0.0056621724886155
        0.0056621724886155
        0.0056621724886155
        0.0056621724886155
        0.0056621724886155
        0.0056621724886155
        0.0056621724886155
        0.0056621724886155
        0.0056621724886155
        0.0056621724886155
        0.0056621724886155
        0.0056621724886155
        0.0057767684065262
        0.0057767684065262
        0.0057767684065262
        0.0057767684065262
        0.0057767684065262
        0.0057767684065262
        0.0057767684065262
        0.0057767684065262
        0.0057767684065262
        0.0057767684065262
        0.0057767684065262
        0.0057767684065262
        0.0057767684065262
        0.0057767684065262
        0.0057767684065262
        0.0057767684065262
        0.0057767684065262
        0.0056621724886155
        0.0056621724886155
        0.0056621724886155
        0.0056621724886155
        0.0056621724886155
        0.0056621724886155
        0.0056621724886155
        0.0056621724886155
        0.0056621724886155
        0.0056621724886155
        0.0056621724886155
        0.0056621724886155
        0.0056621724886155
        0.0056621724886155
        0.0056621724886155
        0.0056621724886155
        0.0056621724886155
        0.0053374642422498
        0.0053374642422498
        0.0053374642422498
        0.0053374642422498
        0.0053374642422498
        0.0053374642422498
        0.0053374642422498
        0.0053374642422498
        0.0053374642422498
        0.0053374642422498
        0.0053374642422498
        0.0053374642422498
        0.0053374642422498
        0.0053374642422498
        0.0053374642422498
        0.0053374642422498
        0.0053374642422498
        0.0047991960082854
        0.0047991960082854
        0.0047991960082854
        0.0047991960082854
        0.0047991960082854
        0.0047991960082854
        0.0047991960082854
        0.0047991960082854
        0.0047991960082854
        0.0047991960082854
        0.0047991960082854
        0.0047991960082854
        0.0047991960082854
        0.0047991960082854
        0.0047991960082854
        0.0047991960082854
        0.0047991960082854
        0.0040869549520068
        0.0040869549520068
        0.0040869549520068
        0.0040869549520068
        0.0040869549520068
        0.0040869549520068
        0.0040869549520068
        0.0040869549520068
        0.0040869549520068
        0.0040869549520068
        0.0040869549520068
        0.0040869549520068
        0.0040869549520068
        0.0040869549520068
        0.0040869549520068
        0.0040869549520068
        0.0040869549520068
        0.0032031044877027
        0.0032031044877027
        0.0032031044877027
        0.0032031044877027
        0.0032031044877027
        0.0032031044877027
        0.0032031044877027
        0.0032031044877027
        0.0032031044877027
        0.0032031044877027
        0.0032031044877027
        0.0032031044877027
        0.0032031044877027
        0.0032031044877027
        0.0032031044877027
        0.0032031044877027
        0.0032031044877027
        0.0022200685747986
        0.0022200685747986
        0.0022200685747986
        0.0022200685747986
        0.0022200685747986
        0.0022200685747986
        0.0022200685747986
        0.0022200685747986
        0.0022200685747986
        0.0022200685747986
        0.0022200685747986
        0.0022200685747986
        0.0022200685747986
        0.0022200685747986
        0.0022200685747986
        0.0022200685747986
        0.0022200685747986
        0.0010990794952119
        0.0010990794952119
        0.0010990794952119
        0.0010990794952119
        0.0010990794952119
        0.0010990794952119
        0.0010990794952119
        0.0010990794952119
        0.0010990794952119
        0.0010990794952119
        0.0010990794952119
        0.0010990794952119
        0.0010990794952119
        0.0010990794952119
        0.0010990794952119
        0.0010990794952119
        0.0010990794952119
        0.0001153402537486
        0.0001153402537486
        0.0001153402537486
        0.0001153402537486
        0.0001153402537486
        0.0001153402537486
        0.0001153402537486
        0.0001153402537486
        0.0001153402537486
        0.0001153402537486
        0.0001153402537486
        0.0001153402537486
        0.0001153402537486
        0.0001153402537486
        0.0001153402537486
        0.0001153402537486
        0.0001153402537486
