        0.0008818342151675
        0.0008818342151675
        0.0008818342151675
        0.0008818342151675
        0.0008818342151675
        0.0008818342151675
        0.0008818342151675
        0.0008818342151675
        0.0008818342151675
        0.0081232582897788
        0.0081232582897788
        0.0081232582897788
        0.0081232582897788
        0.0081232582897788
        0.0081232582897788
        0.0081232582897788
        0.0081232582897788
        0.0081232582897788
        0.0155202821869489
        0.0155202821869489
        0.0155202821869489
        0.0155202821869489
        0.0155202821869489
        0.0155202821869489
        0.0155202821869489
        0.0155202821869489
        0.0155202821869489
        0.0200954365955828
        0.0200954365955828
        0.0200954365955828
        0.0200954365955828
        0.0200954365955828
        0.0200954365955828
        0.0200954365955828
        0.0200954365955828
        0.0200954365955828
        0.0218694885361552
        0.0218694885361552
        0.0218694885361552
        0.0218694885361552
        0.0218694885361552
        0.0218694885361552
        0.0218694885361552
        0.0218694885361552
        0.0218694885361552
        0.0200954365955828
        0.0200954365955828
        0.0200954365955828
        0.0200954365955828
        0.0200954365955828
        0.0200954365955828
        0.0200954365955828
        0.0200954365955828
        0.0200954365955828
        0.0155202821869489
        0.0155202821869489
        0.0155202821869489
        0.0155202821869489
        0.0155202821869489
        0.0155202821869489
        0.0155202821869489
        0.0155202821869489
        0.0155202821869489
        0.0081232582897788
        0.0081232582897788
        0.0081232582897788
        0.0081232582897788
        0.0081232582897788
        0.0081232582897788
        0.0081232582897788
        0.0081232582897788
        0.0081232582897788
        0.0008818342151675
        0.0008818342151675
        0.0008818342151675
        0.0008818342151675
        0.0008818342151675
        0.0008818342151675
        0.0008818342151675
        0.0008818342151675
        0.0008818342151675
